Run Subrun Event
5577 46 2316 
5011 26 1301 
5328 70 3548 
6885 17 873 
5075 44 2244 
5774 42 2104 
5777 23 1153 
5932 3 164 
5444 37 1884 
6227 6 321 
6227 36 1807 
5707 2 101 
6866 69 3476 
6050 20 1022 
5528 8 429 
6340 106 5304 
6092 85 4251 
6092 88 4416 
6092 119 5957 
6829 182 9115 
6855 113 5671 
5531 86 4342 
5265 30 1507 
5573 65 3281 
5643 12 623 
6045 5 263 
6045 9 482 
6936 2 144 
5894 72 3623 
6043 70 3504 
6285 81 4080 
6457 192 9604 
6217 124 6204 
5437 79 3961 
6362 42 2140 
5337 144 7225 
6211 202 10125 
6159 1 73 
6084 12 646 
5069 34 1718 
4998 172 8623 
6235 25 1296 
5019 42 2126 
5388 5 269 
6111 34 1709 
5694 51 2594 
6247 5 260 
6247 13 698 
5134 31 1561 
4975 13 678 
5344 7 369 
6446 128 6439 
6201 11 558 
5382 134 6717 
6437 5 263 
6151 50 2513 
6092 80 4037 
6148 33 1695 
6446 190 9525 
6859 19 985 
5515 71 3554 
5647 30 1517 
5705 28 1439 
5705 143 7200 
5905 70 3533 
5564 112 5638 
6923 8 445 
5458 25 1292 
6157 41 2079 
6083 2 113 
6894 22 1103 
6905 53 2654 
6286 145 7256 
5532 18 931 
6782 5 298 
5201 19 970 
6421 23 1189 
5643 2 111 
6608 86 4338 
6114 148 7420 
6453 10 520 
5512 4 222 
6866 58 2940 
6866 105 5291 
6768 54 2716 
6451 24 1213 
5262 37 1864 
6118 34 1708 
5391 21 1071 
5719 71 3574 
5077 22 1114 
6198 64 3224 
6408 8 410 
5611 10 527 
5772 17 852 
6945 63 3169 
5386 30 1516 
5273 8 421 
5273 102 5147 
5566 37 1859 
5566 37 1863 
6205 20 1024 
6070 94 4746 
6382 58 2940 
6404 2 105 
5586 193 9652 
6303 74 3743 
6303 170 8544 
5499 143 7158 
6582 4 248 
5155 64 3239 
6216 122 6121 
4998 5 259 
5915 24 1247 
5915 40 2021 
5915 139 6992 
5583 11 578 
5382 90 4541 
5382 138 6916 
6991 160 8025 
5146 37 1877 
6286 89 4484 
5332 106 5324 
5603 33 1667 
5059 41 2075 
5331 73 3661 
6078 22 1109 
6078 78 3929 
6163 31 1592 
6148 38 1922 
6998 42 2134 
5047 6 307 
5497 38 1917 
5497 62 3142 
6417 180 9018 
5263 67 3387 
5093 184 9234 
5093 185 9277 
5526 12 612 
6921 113 5696 
5049 25 1287 
5049 32 1646 
5179 124 6210 
5321 34 1707 
5892 56 2802 
6216 6 330 
6105 27 1395 
5427 14 729 
6211 9 489 
6211 194 9708 
5938 43 2196 
5938 49 2475 
5361 74 3702 
6799 28 1443 
6799 32 1612 
6031 108 5403 
6381 191 9588 
6831 9 460 
6831 190 9528 
6957 78 3918 
5499 62 3146 
6139 114 5746 
5091 6 326 
5091 11 578 
5639 15 769 
5632 35 1799 
6616 20 1041 
6616 93 4674 
5386 144 7229 
6385 1 73 
5262 60 3037 
5273 134 6746 
5454 194 9706 
5005 95 4771 
6827 112 5626 
6893 223 11193 
5154 192 9636 
6874 33 1686 
6176 1 80 
6176 45 2255 
5046 33 1679 
6207 3 190 
6356 9 460 
6609 7 400 
5384 59 2982 
6404 99 4964 
6301 1 76 
6783 113 5685 
5005 105 5291 
5270 36 1810 
5270 41 2090 
5106 69 3457 
5133 8 420 
5607 2 138 
5084 117 5867 
6149 126 6341 
6301 97 4870 
5994 14 747 
5994 31 1590 
5331 93 4660 
5729 98 4909 
6359 109 5481 
6785 68 3408 
5216 8 418 
5412 51 2571 
5404 59 2957 
5462 81 4062 
5605 25 1294 
5330 24 1207 
5564 88 4413 
6110 35 1793 
6806 21 1086 
5912 76 3829 
5331 203 10198 
6686 26 1307 
6382 53 2660 
5985 21 1074 
5619 26 1317 
5179 18 901 
6692 45 2287 
5370 126 6331 
6448 191 9598 
6261 1 86 
5432 14 702 
5322 16 818 
5154 68 3431 
6785 94 4728 
5454 62 3115 
6598 77 3895 
6598 104 5222 
6591 143 7178 
6312 150 7550 
5262 112 5635 
5918 22 1138 
6046 83 4167 
5041 4 208 
6835 78 3911 
6122 163 8155 
5900 40 2030 
6319 60 3025 
5519 34 1742 
5905 34 1731 
5561 51 2557 
6401 104 5236 
6227 28 1448 
5705 109 5465 
6321 79 3958 
6234 28 1412 
6219 139 6973 
6425 12 642 
5121 33 1663 
5102 33 1652 
5454 155 7798 
5986 15 792 
5739 1 77 
5437 122 6108 
5191 60 3025 
5191 82 4138 
5370 16 824 
6963 118 5921 
6683 91 4565 
5691 65 3252 
5691 172 8641 
5189 13 665 
6362 27 1376 
6362 99 4979 
6166 24 1201 
5462 25 1292 
5179 70 3542 
5691 130 6523 
6440 55 2751 
6850 20 1038 
6388 6 321 
6388 48 2409 
6198 72 3616 
6944 22 1112 
5470 78 3935 
5451 11 576 
5451 19 960 
5985 120 6045 
5909 72 3613 
6110 203 10182 
6581 5 292 
6298 32 1638 
6298 125 6272 
5567 1 89 
6074 98 4905 
6074 137 6856 
6149 72 3618 
6149 82 4136 
6149 115 5761 
5424 11 566 
5462 63 3156 
6199 213 10661 
6162 132 6626 
6343 19 982 
6304 200 10033 
4957 87 4399 
6107 6 343 
5639 33 1673 
6370 36 1809 
5106 103 5154 
5647 51 2573 
5516 81 4062 
5513 49 2498 
5399 42 2107 
6776 180 9001 
6798 127 6380 
6672 38 1950 
5386 115 5785 
6664 122 6101 
6027 104 5206 
4981 46 2343 
5497 42 2115 
6115 106 5301 
5368 130 6501 
5328 91 4577 
5418 165 8293 
5233 7 396 
5106 141 7077 
6194 13 700 
6332 83 4193 
6881 34 1720 
5017 20 1030 
6980 3 153 
5607 62 3119 
6283 87 4376 
5538 28 1412 
4982 107 5386 
6198 118 5910 
6198 219 10994 
5341 45 2295 
5480 35 1795 
5921 36 1829 
6096 19 986 
5136 22 1150 
5060 39 1999 
5515 216 10824 
5758 58 2947 
6025 33 1670 
5337 87 4353 
5337 160 8046 
6593 8 406 
6599 62 3141 
5364 186 9346 
6030 1 52 
6170 29 1467 
5013 35 1795 
5013 35 1798 
6343 101 5065 
5977 38 1940 
5760 1 58 
6158 9 479 
6356 122 6116 
5331 115 5764 
6235 72 3642 
5385 4 235 
6360 70 3508 
6376 37 1887 
5074 28 1441 
5075 0 49 
5075 8 413 
5433 158 7920 
6893 20 1045 
6773 235 11768 
5031 3 167 
5263 76 3801 
5487 19 962 
5487 44 2222 
6907 121 6056 
6676 83 4162 
5396 38 1906 
5396 50 2550 
5984 0 6 
6583 30 1520 
6170 8 436 
6170 44 2248 
6431 22 1146 
5895 30 1524 
6226 128 6437 
6800 213 10657 
5782 136 6804 
5942 0 1 
5609 21 1058 
5609 32 1649 
6600 109 5477 
5499 10 546 
6266 5 297 
5038 16 849 
5767 211 10590 
5508 7 379 
5237 24 1202 
6058 101 5071 
5588 98 4921 
6916 200 10023 
6195 43 2160 
6076 95 4798 
5516 60 3049 
6318 51 2563 
5774 22 1107 
5376 8 427 
6031 102 5128 
5455 73 3687 
6955 116 5819 
6285 51 2577 
6118 25 1294 
5930 29 1487 
5930 64 3231 
5783 83 4191 
5488 3 171 
5455 34 1735 
5001 64 3204 
6094 16 841 
5155 98 4919 
5776 49 2460 
5056 1 94 
5530 6 306 
6410 182 9116 
5652 4 237 
6218 5 274 
5699 25 1298 
5909 63 3189 
5568 25 1271 
5986 13 691 
5005 169 8492 
6278 20 1046 
6278 35 1766 
5509 29 1476 
6113 76 3803 
6113 94 4737 
6370 19 985 
4986 58 2947 
4992 52 2634 
6950 37 1863 
5933 154 7732 
6100 51 2580 
6100 124 6236 
6608 19 978 
6113 111 5598 
6118 50 2534 
5449 101 5060 
6113 88 4420 
6113 104 5205 
6144 41 2100 
5339 107 5367 
4969 78 3942 
4969 142 7109 
5361 98 4938 
5361 167 8400 
5578 6 320 
5458 178 8946 
6214 52 2604 
5375 28 1429 
4978 32 1606 
5106 71 3556 
5452 18 929 
5947 99 4990 
5124 20 1002 
5100 23 1172 
6588 58 2901 
5049 59 2951 
6785 29 1496 
5385 136 6819 
5046 4 237 
6356 66 3338 
6356 115 5775 
5203 100 5041 
5729 6 310 
6934 83 4182 
6934 212 10609 
5207 67 3362 
6330 2 125 
6905 51 2563 
5339 55 2769 
6939 46 2349 
6028 34 1713 
6446 89 4492 
6698 124 6211 
5733 52 2643 
5375 41 2053 
6379 17 884 
6379 166 8330 
6787 77 3895 
6787 127 6399 
6787 189 9496 
6634 130 6508 
6978 85 4259 
6231 16 843 
6231 25 1300 
5458 53 2662 
6811 100 5032 
6122 150 7536 
5966 135 6778 
6758 30 1546 
5906 61 3054 
6001 16 839 
6340 93 4662 
6339 104 5240 
6773 149 7457 
5155 121 6099 
5411 39 1974 
5449 4 243 
6139 10 527 
6226 116 5807 
5005 129 6453 
5005 129 6494 
6233 34 1749 
5361 217 10857 
5090 44 2232 
5090 94 4714 
5680 10 517 
6338 109 5485 
6341 34 1750 
6989 35 1791 
6989 168 8410 
6984 43 2162 
6984 46 2345 
5090 120 6049 
5603 16 831 
6425 125 6281 
5924 26 1343 
6098 83 4188 
6098 113 5662 
5233 93 4689 
6960 72 3605 
5106 55 2768 
4971 189 9478 
6163 47 2393 
6098 157 7855 
5184 34 1728 
5986 6 342 
6683 131 6582 
6989 38 1938 
5979 101 5093 
5512 121 6089 
5966 147 7358 
5102 67 3376 
6890 15 772 
6890 63 3188 
5337 201 10075 
5564 77 3870 
5564 156 7815 
5151 147 7353 
5527 38 1934 
5527 93 4673 
6410 10 511 
6410 13 670 
5265 87 4373 
5179 0 14 
6406 34 1733 
6406 71 3566 
5269 104 5218 
5151 136 6827 
5151 192 9610 
6634 34 1735 
5093 28 1447 
5966 48 2428 
5966 211 10569 
6880 28 1434 
6401 3 187 
6928 32 1640 
6059 80 4004 
6059 132 6610 
6616 88 4437 
4967 9 473 
6300 129 6453 
5370 86 4318 
6588 1 83 
6353 95 4751 
6412 7 392 
5512 45 2291 
5512 165 8288 
6322 16 834 
6322 23 1158 
5969 7 369 
5969 40 2033 
6285 59 2964 
6285 121 6069 
5390 16 821 
5418 0 21 
5418 40 2033 
5130 48 2414 
5092 15 762 
6299 77 3880 
6303 168 8410 
5659 27 1365 
6602 39 1956 
6951 24 1246 
5891 44 2235 
5065 26 1306 
5726 55 2760 
6298 94 4746 
5344 29 1460 
5384 81 4065 
6076 157 7869 
6021 108 5412 
5983 35 1782 
5090 105 5264 
6442 4 225 
5130 11 567 
6893 52 2623 
5166 11 572 
6065 58 2921 
6354 14 748 
6354 36 1807 
5557 90 4507 
6100 33 1681 
6956 235 11760 
5124 49 2454 
5384 102 5134 
4958 7 380 
6230 72 3613 
5386 33 1682 
5988 6 326 
5161 7 373 
5046 2 139 
6231 61 3051 
6991 231 11552 
5452 26 1348 
5959 11 583 
5959 27 1392 
6026 2 121 
6457 148 7405 
6301 175 8794 
6073 12 604 
6939 32 1640 
6417 105 5253 
6945 228 11449 
6917 141 7071 
6216 46 2323 
5705 65 3287 
6099 4 237 
6281 65 3275 
6917 88 4444 
6312 62 3130 
6312 64 3212 
6046 81 4086 
5925 55 2775 
6192 115 5771 
6444 90 4510 
6444 144 7201 
6105 21 1096 
6075 50 2517 
6125 9 453 
5124 25 1288 
6198 33 1693 
6198 93 4680 
5331 47 2369 
6640 173 8688 
5533 4 212 
5490 19 975 
5458 206 10301 
6637 47 2379 
6637 55 2775 
5130 19 985 
6184 80 4010 
6103 87 4394 
6407 107 5382 
6785 112 5619 
6824 93 4682 
5653 50 2541 
5029 14 749 
5029 106 5336 
6440 16 808 
5773 23 1160 
5387 71 3573 
5557 46 2338 
5535 13 677 
6184 15 768 
5487 9 466 
5361 38 1944 
6122 36 1838 
6122 70 3526 
4982 3 177 
5031 55 2766 
6163 36 1826 
6146 24 1249 
6630 57 2877 
5184 21 1099 
5418 20 1043 
5170 0 36 
5725 54 2712 
6977 21 1058 
5525 65 3268 
5138 5 267 
5138 10 509 
5569 3 159 
6981 51 2600 
5159 3 182 
6288 74 3729 
6288 87 4393 
6233 16 806 
6614 69 3471 
5600 141 7086 
5403 14 733 
5177 5 285 
5522 21 1080 
6811 194 9725 
5724 13 657 
5724 24 1237 
4975 85 4277 
6027 89 4488 
5412 157 7880 
5513 89 4478 
6191 26 1316 
6203 74 3709 
5557 51 2567 
6647 58 2929 
6313 14 730 
6417 72 3638 
6417 106 5311 
5540 70 3509 
6429 107 5352 
5397 9 471 
5154 138 6924 
5709 5 264 
6840 44 2216 
6358 8 442 
6358 80 4022 
5975 50 2507 
5397 77 3884 
6080 73 3689 
6301 10 547 
6211 0 25 
6224 36 1815 
5512 82 4146 
5470 53 2659 
6074 123 6166 
6800 134 6721 
6025 38 1903 
6226 12 615 
5606 62 3124 
5606 84 4228 
5521 62 3104 
6118 193 9680 
6448 61 3055 
6168 144 7242 
6173 40 2047 
6173 191 9599 
5061 0 9 
5061 7 355 
5061 87 4384 
5616 114 5743 
5901 104 5219 
6004 47 2378 
6206 56 2826 
6765 166 8322 
6596 83 4164 
6106 77 3884 
6304 163 8175 
5691 155 7776 
