Run Subrun Event
7012 101 5088 
7021 124 6205 
6549 94 4743 
7003 1557 77852 
7020 1367 68380 
7020 1763 88163 
7010 526 26311 
7054 158 7910 
7010 1604 80231 
5458 148 7429 
5458 149 7482 
7054 846 42307 
7049 1372 68610 
6286 62 3119 
7001 1036 51802 
7003 1479 73994 
7020 1270 63513 
7025 318 15948 
7003 202 10149 
7004 424 21210 
7008 547 27386 
7010 278 13914 
6986 5 268 
6986 6 321 
7017 1181 59083 
7049 1569 78460 
7055 215 10779 
6776 83 4195 
6776 85 4251 
7020 761 38063 
7026 401 20077 
7014 1160 58005 
6288 122 6116 
7006 632 31637 
7008 1341 67078 
7004 1633 81674 
6031 149 7497 
7004 272 13615 
6918 106 5342 
7054 792 39630 
7008 665 33265 
7049 1640 82020 
7054 1051 52565 
6100 115 5768 
7008 876 43804 
7049 1300 65022 
7049 543 27154 
6147 12 647 
6991 219 10991 
7107 42 2102 
7022 41 2073 
6312 52 2616 
6930 61 3081 
7004 339 16972 
7014 1153 57686 
5207 145 7278 
5207 146 7336 
7020 1832 91606 
7019 52 2610 
7023 76 3824 
7023 601 30093 
6797 52 2620 
7008 1227 61399 
7020 1463 73175 
7023 1527 76393 
6600 41 2061 
7054 1061 53074 
7026 296 14840 
7054 1175 58758 
6387 42 2146 
7003 1007 50375 
7003 1007 50385 
7012 734 36722 
7017 1465 73285 
7051 90 4505 
6426 104 5235 
7004 892 44641 
7019 92 4645 
7020 28 1402 
6619 25 1300 
6619 29 1491 
7026 26 1340 
7049 389 19466 
7768 198 9938 
6300 75 3755 
6300 77 3863 
7022 17 868 
7054 645 32290 
6598 104 5231 
7010 1601 80085 
7018 161 8061 
7014 514 25719 
7020 242 12116 
5146 12 607 
7023 1468 73450 
7054 549 27465 
7010 1046 52334 
7008 4 218 
7014 1029 51470 
7026 340 17013 
6766 231 11552 
6766 235 11768 
7003 338 16906 
7008 260 13006 
7021 669 33464 
7054 2019 100957 
7054 2019 100963 
7020 894 44732 
7020 894 44733 
5618 45 2285 
7010 1345 67295 
7010 1345 67300 
6114 103 5195 
7014 1518 75920 
7023 748 37401 
7025 345 17277 
7049 1611 80552 
7049 1611 80574 
7004 711 35595 
7770 9 473 
7007 111 5600 
7018 88 4426 
7001 1057 52876 
7020 831 41570 
7049 562 28135 
6640 122 6137 
6640 126 6335 
7003 1293 64678 
7004 437 21872 
7049 337 16865 
7049 337 16891 
6103 28 1425 
7018 190 9531 
5947 151 7576 
5418 10 526 
7008 307 15388 
7008 1017 50877 
7055 703 35197 
6934 171 8592 
7011 83 4153 
7006 172 8625 
6467 27 1382 
7023 575 28792 
6758 17 882 
7004 840 42016 
7006 532 26634 
6022 97 4889 
7001 1005 50272 
7018 304 15227 
7020 1445 72268 
7026 859 42962 
7016 182 9119 
7016 182 9125 
7049 305 15294 
7023 1066 53335 
7004 1496 74826 
7008 1044 52216 
7012 1005 50270 
7014 1695 84762 
7054 29 1455 
6122 170 8549 
7004 1049 52499 
7048 34 1748 
7006 594 29711 
7049 1063 53154 
7049 1063 53162 
7055 770 38511 
7017 546 27320 
7019 548 27441 
7023 1518 75940 
7054 384 19232 
7055 143 7176 
7014 877 43880 
7054 838 41927 
5768 13 681 
7049 477 23896 
7020 1224 61228 
7054 509 25490 
7054 1270 63520 
7012 182 9123 
6533 100 5033 
7049 1223 61166 
5588 217 10899 
6814 26 1344 
7054 969 48470 
7054 1983 99170 
7055 17 859 
7020 1853 92668 
7021 810 40530 
7400 216 10817 
5143 55 2779 
5143 66 3301 
6945 236 11808 
7001 313 15673 
6861 149 7489 
7018 492 24628 
7004 519 25977 
7023 637 31856 
7049 1741 87070 
5602 19 995 
7004 873 43658 
7012 1540 77030 
7010 433 21667 
7017 1634 81735 
6114 125 6269 
7006 238 11901 
7006 238 11902 
7016 296 14841 
7049 502 25146 
7049 1224 61218 
6957 15 758 
7010 330 16510 
7017 464 23243 
7054 1191 59589 
7055 773 38659 
6855 20 1009 
7020 1217 60857 
7046 126 6320 
5061 138 6936 
7019 546 27334 
6444 99 4978 
6777 116 5849 
6980 73 3662 
7055 652 32628 
5217 88 4411 
6566 63 3185 
6797 4 209 
7004 700 35046 
7026 807 40365 
7049 1193 59664 
7049 1286 64346 
7026 415 20756 
7051 51 2552 
7055 498 24903 
5465 11 595 
7020 1489 74489 
5399 24 1228 
7003 952 47633 
7054 309 15475 
7017 1056 52823 
7020 803 40151 
7004 1192 59636 
7010 1328 66435 
7010 1328 66444 
7021 264 13213 
7008 627 31378 
5091 10 547 
5091 15 788 
7010 1303 65156 
7010 1303 65184 
7049 330 16541 
7003 90 4534 
7049 1332 66609 
7012 83 4170 
7023 790 39540 
6406 140 7019 
7004 1043 52189 
7020 498 24907 
7295 113 5672 
5606 64 3217 
6480 92 4615 
6575 79 3985 
7004 812 40614 
7023 1560 78014 
5038 0 6 
6970 5 276 
6970 7 380 
7023 12 621 
7026 568 28444 
7014 1066 53343 
6769 230 11547 
7012 906 45344 
7054 1949 97451 
6369 71 3573 
7025 370 18547 
6052 9 483 
7010 870 43536 
6583 152 7637 
6315 46 2330 
6521 101 5069 
7023 1904 95226 
7018 944 47228 
7018 944 47249 
7008 456 22844 
7010 1178 58901 
7006 102 5142 
7006 578 28912 
7006 578 28921 
7016 153 7671 
7016 153 7684 
7012 171 8560 
6192 150 7505 
7010 1750 87529 
7014 221 11058 
7017 439 21991 
7001 774 38718 
7014 1039 52000 
7014 1372 68629 
7049 1647 82372 
6503 21 1080 
7014 1726 86307 
6285 3 167 
7014 497 24851 
7017 1067 53372 
7012 200 10042 
6423 34 1748 
7003 956 47831 
4986 49 2452 
7022 216 10802 
6980 145 7254 
7048 186 9310 
6837 42 2145 
6813 155 7799 
5782 98 4930 
7001 840 42045 
7014 1469 73468 
7004 835 41751 
7371 223 11192 
7004 1127 56365 
7004 1127 56395 
7018 635 31755 
7018 635 31792 
7018 678 33921 
7054 180 9044 
7051 36 1825 
7017 1631 81589 
7014 1226 61331 
7053 46 2349 
7055 825 41296 
7004 742 37129 
5433 60 3018 
7001 606 30301 
7634 18 915 
6606 16 838 
7011 82 4112 
7018 244 12248 
6949 108 5404 
7017 1166 58343 
6110 141 7093 
6763 4 211 
7023 1028 51433 
7003 785 39291 
7018 805 40280 
7049 198 9905 
7003 5 255 
7014 897 44864 
7025 586 29304 
7025 586 29316 
6078 16 816 
6603 62 3108 
7055 567 28357 
6502 52 2624 
6822 98 4909 
7001 477 23895 
7010 43 2169 
7026 599 29964 
7012 170 8506 
7006 244 12201 
7012 653 32657 
7014 628 31402 
7021 809 40469 
6778 43 2163 
7004 561 28087 
6203 50 2521 
7017 1562 78115 
5990 50 2513 
6980 193 9654 
7025 624 31224 
5235 68 3413 
7008 70 3544 
7465 13 653 
6096 24 1245 
5168 1 84 
6313 5 282 
7014 1538 76944 
7020 1121 56083 
6879 17 866 
7003 0 41 
7003 1542 77139 
7012 242 12101 
5095 45 2262 
7021 488 24445 
7021 488 24449 
7025 273 13693 
6793 7 392 
6534 50 2509 
7001 1007 50391 
7017 405 20259 
6780 205 10284 
7025 244 12217 
6803 60 3024 
7006 620 31036 
7026 370 18544 
7010 1139 56978 
6972 146 7324 
6972 147 7383 
7574 126 6341 
5513 33 1692 
6768 28 1427 
7054 1712 85609 
7054 1712 85628 
7054 1894 94714 
7018 766 38302 
6162 2 107 
7020 689 34498 
7020 1837 91877 
7049 1805 90276 
6288 127 6362 
7012 463 23197 
7012 463 23199 
7012 1598 79914 
7012 1598 79936 
7021 356 17813 
6308 3 181 
6695 6 329 
7018 960 48034 
7004 821 41089 
7026 366 18344 
7053 61 3052 
7054 1937 96868 
6358 2 145 
6358 3 164 
6358 5 251 
7021 682 34147 
7023 1921 96075 
6482 82 4148 
6826 85 4260 
6919 159 7988 
6510 49 2497 
7025 192 9647 
7008 1048 52425 
7008 1048 52437 
7023 523 26172 
7011 169 8457 
7026 68 3421 
7025 252 12605 
7025 252 12627 
7025 252 12640 
7049 1693 84663 
7054 796 39830 
5415 8 444 
7020 228 11414 
7020 134 6722 
7004 1635 81771 
7020 321 16096 
7012 1494 74728 
6698 34 1723 
7003 190 9508 
7020 496 24820 
7020 1581 79070 
7020 1581 79094 
6551 60 3042 
7025 529 26463 
7049 312 15620 
7016 294 14734 
6664 241 12075 
6598 125 6289 
7008 944 47208 
7020 1893 94678 
6217 124 6238 
6547 18 945 
7020 771 38598 
7023 1352 67611 
7010 521 26091 
7013 43 2186 
7004 594 29747 
7054 144 7230 
7017 682 34143 
7016 257 12866 
7003 889 44458 
7012 1520 76050 
7019 232 11624 
7023 1912 95613 
7023 1912 95638 
7371 154 7722 
5151 45 2266 
4957 138 6905 
7001 1153 57665 
7017 811 40571 
7046 43 2196 
6671 39 1967 
7023 1735 86775 
7375 40 2039 
7019 523 26158 
6231 82 4105 
7054 920 46015 
7023 64 3234 
7023 64 3242 
7049 1931 96595 
7012 1034 51719 
7012 1034 51750 
7017 554 27705 
7023 724 36231 
6780 224 11247 
7008 895 44775 
6079 19 953 
6079 21 1070 
7008 1434 71709 
5386 38 1948 
7008 401 20081 
7020 244 12239 
7023 328 16444 
7054 1154 57716 
5938 47 2373 
7010 827 41368 
7014 1500 75022 
6535 112 5604 
6945 107 5387 
6122 7 385 
6122 7 398 
7019 84 4211 
7020 245 12266 
7049 156 7827 
7049 156 7841 
7014 744 37224 
7145 47 2389 
7001 1136 56819 
7026 326 16348 
7018 659 32974 
7018 659 32978 
7008 223 11159 
7020 1027 51360 
6688 32 1646 
6688 38 1931 
7020 869 43489 
5195 48 2409 
7001 816 40841 
7019 2 122 
5086 82 4110 
7016 288 14448 
7023 631 31593 
7049 793 39700 
7018 306 15328 
7049 1790 89528 
7004 1026 51330 
7049 1603 80167 
7001 492 24618 
7010 205 10267 
7003 930 46547 
6429 170 8530 
7021 429 21470 
7507 46 2310 
6457 63 3196 
7020 532 26639 
5437 114 5730 
5437 116 5809 
7010 554 27716 
7018 821 41075 
6752 191 9558 
6979 68 3441 
7012 714 35750 
7022 239 11952 
7023 277 13878 
7010 1666 83320 
7049 547 27370 
6410 6 322 
6805 232 11603 
7010 1593 79670 
7010 1593 79682 
7014 828 41401 
7014 828 41402 
7020 1235 61752 
7012 1138 56924 
7054 33 1691 
7014 1275 63773 
7017 1701 85080 
7017 8 419 
7017 1602 80134 
7001 44 2227 
7048 57 2887 
4955 10 506 
5930 30 1533 
7008 818 40904 
6030 58 2950 
7047 46 2349 
7055 29 1455 
7008 936 46808 
7025 110 5522 
5061 84 4207 
7008 656 32816 
6880 57 2897 
7017 962 48149 
7021 88 4432 
7013 46 2331 
6907 118 5927 
7025 608 30424 
6324 35 1751 
6324 36 1839 
6157 85 4297 
7016 130 6521 
6622 59 2976 
6622 61 3072 
6666 112 5642 
6905 73 3658 
6969 13 694 
7017 413 20657 
7026 621 31086 
6568 13 691 
7010 1104 55225 
7020 1870 93534 
7008 435 21786 
7017 1532 76638 
7003 513 25694 
7054 1955 97785 
7055 184 9250 
6813 176 8817 
5411 16 828 
7012 313 15700 
7014 45 2286 
7020 820 41042 
7054 940 47041 
5370 117 5867 
6787 106 5325 
6855 83 4160 
6855 84 4203 
7014 896 44820 
7023 485 24252 
7023 485 24279 
7020 804 40248 
7014 1716 85826 
7049 348 17444 
7004 720 36012 
7004 872 43644 
7006 316 15806 
6797 36 1819 
6103 14 704 
6630 41 2098 
7004 494 24709 
6525 17 852 
7026 524 26237 
7054 314 15736 
6343 91 4568 
7008 1283 64181 
7017 208 10418 
7023 1547 77384 
6565 211 10586 
7049 514 25710 
6233 36 1834 
7012 1512 75630 
7048 153 7693 
5998 2 126 
5171 74 3714 
5090 2 135 
5090 5 298 
5385 97 4887 
6980 105 5298 
7054 824 41222 
7049 1835 91779 
7054 611 30576 
6591 133 6651 
6826 65 3295 
6827 238 11925 
7008 116 5845 
6571 91 4578 
7020 1810 90523 
7017 1531 76571 
7018 914 45732 
6693 16 842 
7012 161 8068 
5769 69 3498 
7014 390 19503 
7021 470 23502 
7023 1649 82469 
7026 129 6498 
6947 51 2576 
7014 649 32466 
6288 7 365 
7054 1033 51699 
7012 121 6083 
6991 0 28 
6917 134 6722 
7014 1144 57215 
7018 520 26041 
7049 1388 69413 
5187 76 3822 
6919 198 9926 
7016 387 19395 
7017 1214 60704 
7017 1214 60728 
7020 1413 70682 
7048 187 9368 
6581 2 102 
6805 19 964 
7001 845 42300 
6467 141 7099 
7049 261 13072 
5783 32 1617 
7003 1429 71453 
7021 799 39982 
7021 799 39984 
6793 12 604 
7026 540 27034 
7001 1104 55243 
7014 664 33212 
7014 664 33238 
7020 632 31614 
7003 1469 73451 
6634 131 6577 
6675 7 353 
7049 545 27299 
6991 162 8102 
7049 906 45313 
7012 2 145 
7012 190 9524 
7026 39 1991 
7049 1792 89638 
7010 980 49012 
7022 279 13978 
7008 1256 62817 
6103 135 6763 
6799 14 703 
7014 1749 87461 
7008 440 22015 
7018 573 28655 
6387 129 6467 
7020 1675 83796 
5915 56 2829 
7003 1465 73266 
7014 665 33256 
7023 659 32951 
7003 246 12309 
7012 666 33340 
6521 95 4762 
7020 873 43681 
7054 439 21995 
6615 54 2713 
7001 92 4621 
7051 15 761 
5051 6 328 
7054 804 40244 
7012 1602 80127 
6333 24 1239 
7020 824 41213 
6917 10 507 
7054 806 40348 
7054 981 49076 
5092 116 5843 
7017 1539 76980 
4971 77 3895 
7001 1162 58149 
7004 621 31074 
7145 75 3755 
6934 136 6816 
6934 139 6987 
7003 1280 64012 
5910 22 1147 
6348 19 959 
6787 87 4395 
7054 6 337 
7055 28 1423 
5478 23 1164 
7014 856 42829 
5086 46 2337 
7010 144 7235 
6689 86 4326 
7007 135 6765 
7012 107 5380 
6594 118 5921 
6571 182 9145 
7018 180 9023 
7023 1755 87792 
7049 1819 90961 
5525 66 3320 
6211 15 798 
5106 81 4055 
7001 968 48436 
6789 82 4120 
5005 191 9572 
7006 178 8944 
7020 1526 76306 
7026 295 14754 
6059 32 1625 
6978 196 9818 
7008 975 48762 
7019 341 17089 
6185 3 157 
7014 1067 53394 
6565 53 2675 
7020 345 17280 
5933 85 4271 
6683 141 7083 
7055 526 26333 
7001 94 4728 
6600 147 7382 
7023 830 41550 
7055 667 33372 
7023 124 6241 
7049 228 11440 
5782 11 581 
6490 125 6292 
7012 1404 70213 
7055 788 39410 
7001 302 15113 
7012 886 44320 
7020 1246 62319 
7049 1494 74718 
5061 54 2733 
7019 542 27148 
5489 60 3011 
6934 222 11149 
7004 148 7415 
7020 1552 77629 
5623 7 358 
7001 335 16752 
5982 15 757 
7008 945 47283 
7010 1630 81528 
7007 87 4357 
7010 1069 53460 
7753 36 1816 
7004 753 37681 
7017 178 8905 
7017 178 8920 
7017 1289 64480 
7049 1039 51971 
6598 134 6749 
7014 392 19642 
7017 634 31706 
7017 634 31714 
7010 674 33713 
5985 140 7010 
6663 242 12116 
6683 49 2499 
7010 702 35121 
7049 1269 63467 
7487 134 6736 
6785 224 11237 
6749 133 6664 
7004 1269 63477 
7049 167 8357 
6173 182 9128 
6765 56 2838 
7018 201 10087 
7018 551 27594 
7026 809 40471 
7049 767 38367 
6653 78 3934 
7049 544 27238 
7571 10 533 
7014 1292 64604 
7017 789 39492 
7012 131 6590 
7025 518 25931 
7001 284 14219 
6303 20 1044 
6427 94 4723 
7016 290 14507 
7020 912 45639 
7023 58 2924 
6216 106 5310 
6380 123 6196 
6875 5 293 
7004 532 26645 
7017 333 16660 
7018 763 38181 
7003 782 39143 
7011 209 10474 
7017 1192 59607 
7023 940 47046 
5899 28 1447 
7020 1008 50418 
4998 17 887 
7001 503 25159 
7001 503 25175 
7023 438 21949 
5616 96 4812 
7017 1692 84650 
7054 253 12653 
7004 476 23824 
7738 73 3681 
6589 41 2059 
7018 512 25643 
7055 361 18072 
6123 13 656 
6123 142 7126 
6123 144 7247 
7023 1227 61384 
7055 499 24994 
7016 291 14569 
5946 25 1284 
6487 128 6413 
7022 159 7976 
7008 329 16472 
5136 32 1601 
7016 145 7287 
7055 688 34449 
7026 455 22797 
7008 1304 65201 
7012 700 35021 
7020 529 26457 
7020 529 26464 
6589 63 3190 
7003 1600 80005 
7017 1304 65204 
7010 247 12354 
7004 158 7950 
7049 249 12464 
7130 34 1705 
5383 10 521 
5611 0 28 
7054 287 14351 
7017 1686 84336 
7022 45 2272 
7022 45 2294 
7014 177 8883 
7010 1256 62845 
7017 793 39668 
7020 994 49723 
6664 44 2230 
6664 49 2478 
6617 11 557 
7012 1397 69887 
7017 99 4992 
7017 138 6924 
6573 55 2769 
7003 306 15304 
7054 1594 79744 
7049 138 6909 
7055 311 15600 
7054 1067 53362 
7006 419 20989 
7006 419 20990 
7008 1267 63399 
5906 25 1279 
7014 695 34773 
7017 427 21380 
7021 652 32630 
5185 44 2204 
7003 447 22386 
7054 1359 67966 
6376 122 6110 
6656 55 2798 
7010 547 27377 
7010 547 27382 
7014 1337 66872 
6417 30 1505 
6417 128 6420 
6975 145 7260 
7010 1175 58795 
7014 1450 72503 
7023 946 47319 
7026 319 15982 
6866 52 2608 
7049 969 48453 
7004 368 18404 
7645 61 3065 
7055 163 8167 
7332 4 209 
7004 1527 76393 
6023 20 1043 
7021 306 15305 
7001 869 43487 
7012 1343 67189 
6780 78 3903 
7004 838 41937 
6533 162 8126 
6583 13 679 
7004 1180 59016 
7004 1410 70534 
7004 1410 70549 
7020 1462 73128 
6510 15 777 
6642 35 1773 
7053 16 823 
6894 21 1075 
7020 589 29455 
7054 50 2531 
7502 155 7769 
4999 32 1627 
4999 38 1927 
6031 160 8043 
7020 854 42714 
7054 113 5695 
7006 307 15365 
7020 899 44970 
7371 19 977 
6468 57 2897 
7008 357 17890 
7008 1374 68715 
7054 178 8943 
5331 212 10616 
7004 605 30283 
7021 169 8484 
7049 1586 79317 
6670 13 687 
6614 64 3202 
7055 631 31564 
7004 823 41170 
7026 93 4667 
7054 426 21334 
5573 72 3604 
7001 809 40468 
7020 1879 93995 
6380 120 6018 
6824 81 4075 
6998 124 6250 
7003 878 43914 
7023 1883 94181 
7049 50 2536 
6997 19 996 
7001 811 40562 
5084 77 3896 
6311 103 5189 
7012 1735 86752 
7021 757 37851 
7021 757 37865 
7023 355 17791 
7003 258 12923 
7017 245 12254 
7055 520 26032 
7014 1388 69447 
6634 106 5310 
7013 41 2084 
7049 816 40835 
7010 1641 82071 
7014 676 33812 
7014 676 33833 
7014 1251 62593 
6871 168 8422 
7014 354 17745 
6798 101 5090 
7003 727 36400 
7011 193 9674 
7014 682 34112 
7003 730 36511 
7020 1924 96240 
7058 32 1648 
7020 767 38382 
7020 1771 88581 
7054 1855 92761 
5593 3 179 
6647 148 7417 
7021 481 24057 
5331 121 6076 
7017 1291 64563 
7017 1291 64569 
6408 45 2271 
7003 1481 74069 
6339 1 90 
7020 140 7049 
7023 1069 53488 
7049 1183 59177 
5518 33 1652 
7023 702 35102 
7018 558 27912 
7026 672 33607 
7012 396 19822 
7055 125 6252 
6312 151 7590 
6803 28 1407 
6803 28 1439 
6803 33 1677 
7013 34 1726 
6956 185 9299 
6956 187 9387 
7055 33 1693 
7004 1065 53300 
7017 995 49769 
7010 1137 56853 
7012 1514 75742 
7003 196 9847 
7019 336 16804 
5937 51 2598 
7049 1763 88167 
6979 151 7585 
7018 459 22962 
7021 78 3950 
7026 750 37549 
7008 227 11356 
7017 636 31820 
6936 164 8218 
7022 4 245 
7014 1668 83424 
7006 117 5855 
7010 173 8687 
6800 207 10374 
7016 50 2511 
7003 823 41193 
7054 1671 83577 
7054 1671 83586 
7142 9 479 
6952 197 9871 
6952 201 10082 
7001 788 39417 
7014 1628 81426 
7001 1086 54339 
7004 283 14180 
7006 164 8226 
7006 164 8248 
7020 1923 96178 
6559 29 1456 
7025 552 27607 
7025 552 27624 
7004 736 36809 
7014 1745 87262 
7012 1725 86298 
7023 42 2102 
7054 37 1891 
7014 109 5481 
7014 305 15278 
7667 49 2498 
7008 1249 62480 
7022 264 13244 
7025 59 2991 
7049 276 13814 
7001 307 15362 
7001 615 30782 
7001 615 30783 
7008 1145 57258 
7012 846 42350 
6641 15 761 
7054 724 36217 
6772 20 1033 
7010 120 6021 
7012 724 36212 
7001 909 45492 
7021 522 26134 
6932 222 11121 
7023 1381 69051 
7003 1039 51981 
7020 683 34191 
7021 389 19469 
6861 217 10898 
6260 5 287 
7022 144 7212 
7022 144 7246 
6871 100 5021 
7004 692 34647 
7020 509 25496 
7054 1556 77849 
7001 970 48509 
7023 994 49706 
7049 175 8784 
7055 212 10632 
7007 49 2482 
7012 315 15754 
6577 66 3310 
6666 182 9130 
7012 909 45499 
7049 1722 86132 
7055 587 29357 
5332 23 1177 
6572 7 367 
7019 463 23165 
7026 270 13512 
7054 1846 92320 
6565 126 6328 
6811 123 6197 
7014 657 32853 
7025 332 16627 
5779 34 1729 
6580 15 765 
6580 20 1035 
6571 66 3344 
6752 222 11112 
7001 813 40665 
7016 128 6429 
6664 200 10027 
7017 320 16010 
7017 320 16045 
7025 596 29849 
7055 483 24164 
6688 3 188 
7049 1100 55021 
6653 60 3033 
7004 712 35618 
6583 105 5288 
7003 674 33733 
7003 674 33744 
7003 608 30435 
7021 284 14213 
7022 219 10972 
7047 103 5191 
6826 58 2941 
7019 132 6643 
7020 547 27370 
6431 84 4232 
6792 44 2249 
7282 70 3512 
5540 65 3260 
7020 681 34080 
6031 75 3795 
7012 777 38876 
6683 161 8090 
6968 40 2014 
7023 775 38754 
7023 775 38780 
7486 23 1155 
7486 25 1298 
7008 1433 71686 
7014 1580 79037 
5601 0 33 
7003 621 31062 
6785 210 10542 
7010 353 17674 
7021 320 16006 
7021 392 19638 
7001 862 43143 
7001 862 43149 
7014 151 7556 
7559 4 220 
5564 118 5906 
7018 646 32349 
6911 71 3575 
7014 1261 63077 
7046 49 2469 
7046 49 2481 
5427 8 401 
6235 55 2794 
7001 550 27511 
7004 337 16881 
7014 1569 78452 
7017 371 18589 
5574 32 1625 
5574 34 1726 
7001 766 38320 
7048 132 6648 
7001 84 4221 
6769 98 4929 
7004 11 588 
7012 251 12557 
7012 251 12594 
7020 248 12448 
7004 972 48634 
7008 434 21729 
7054 1840 92021 
7025 545 27293 
7021 490 24505 
7054 1470 73503 
7003 1389 69458 
7006 67 3377 
7012 684 34202 
7012 684 34230 
7012 684 34249 
7020 1605 80262 
7049 16 835 
7540 61 3090 
7010 394 19702 
7016 177 8862 
7023 224 11234 
7023 1841 92055 
7055 544 27213 
7012 1007 50356 
7020 1940 97028 
7055 612 30618 
7055 612 30643 
6989 152 7606 
7014 1709 85463 
7014 1709 85467 
7014 1709 85491 
5068 96 4830 
7023 549 27488 
5584 4 203 
7001 10 502 
7053 34 1727 
5092 190 9516 
6184 55 2793 
7017 1194 59707 
7023 708 35427 
6936 139 6982 
7012 1155 57777 
5364 76 3841 
7012 1140 57031 
7008 1000 50015 
6301 180 9031 
7019 73 3681 
6901 209 10477 
6901 211 10577 
7004 255 12791 
6952 146 7345 
7008 1316 65826 
7020 827 41381 
7023 1081 54086 
6690 16 846 
6776 197 9887 
7018 215 10751 
7018 215 10791 
7021 746 37346 
6525 8 405 
7018 343 17161 
7055 538 26922 
7565 294 14739 
7010 1320 66025 
7014 272 13603 
7020 1268 63406 
7054 84 4218 
6752 211 10557 
6752 212 10646 
6773 8 429 
6773 9 457 
7004 1573 78651 
7006 457 22859 
7012 249 12466 
7017 1714 85703 
7023 370 18531 
7023 370 18542 
6813 226 11308 
7004 1147 57394 
7026 530 26508 
6280 82 4121 
7016 190 9504 
7049 1863 93193 
7003 1504 75229 
7004 1377 68889 
7023 1852 92615 
7026 454 22711 
7012 556 27820 
7054 1448 72408 
6603 49 2494 
7004 374 18718 
7004 374 18719 
7008 1459 72970 
7021 539 26970 
5046 9 488 
6122 185 9253 
7004 1407 70393 
7025 395 19753 
6000 28 1416 
5485 34 1748 
6217 9 493 
6580 26 1318 
6580 27 1394 
6125 94 4721 
7014 1424 71209 
7049 1711 85567 
6687 54 2713 
7014 530 26519 
7017 895 44767 
7020 1885 94258 
7020 1885 94279 
7021 611 30570 
6765 75 3799 
7012 1082 54138 
7012 248 12402 
7023 1076 53821 
7017 850 42525 
5211 54 2709 
5211 55 2776 
7008 187 9365 
7008 187 9391 
7012 320 16001 
6798 196 9843 
7001 103 5172 
7021 677 33863 
6412 12 607 
7019 422 21101 
7014 147 7360 
7018 212 10631 
7025 613 30686 
5986 25 1295 
7049 478 23945 
6559 39 2000 
6793 24 1219 
7007 141 7062 
7762 13 679 
6324 85 4264 
7023 1616 80827 
7010 300 15008 
7021 497 24875 
7051 83 4181 
5164 18 942 
7017 461 23059 
5541 85 4259 
5541 86 4334 
7004 1670 83520 
7020 251 12591 
7020 334 16712 
7012 391 19557 
7012 1222 61140 
7022 256 12830 
7049 1050 52502 
6168 95 4759 
6810 24 1236 
7020 1423 71160 
7021 139 6994 
7020 60 3020 
6630 88 4403 
6630 89 4474 
7055 86 4346 
7021 623 31192 
7502 127 6390 
5095 51 2566 
6310 10 542 
6501 52 2638 
7017 1055 52764 
7054 1639 81961 
7023 1171 58591 
7001 856 42837 
7003 1456 72801 
7001 628 31448 
7049 24 1222 
7049 24 1249 
6886 1 73 
7023 910 45510 
7023 910 45541 
7054 857 42877 
7010 511 25566 
6669 57 2893 
6794 14 720 
7049 1337 66899 
5892 49 2461 
7017 800 40013 
6698 86 4338 
6698 93 4657 
6776 51 2560 
7054 1174 58705 
7008 588 29445 
7012 195 9797 
6507 67 3355 
6507 67 3385 
7010 130 6519 
7049 1418 70923 
7003 315 15760 
7016 316 15820 
7016 316 15826 
7017 1604 80207 
7020 823 41168 
7020 823 41199 
7020 993 49689 
7026 670 33503 
6324 145 7279 
6798 187 9397 
6798 191 9598 
6812 22 1124 
7006 365 18277 
5525 13 678 
6533 19 976 
6928 7 400 
7017 35 1758 
7054 304 15233 
7017 559 27973 
6953 174 8703 
7026 794 39714 
7017 1728 86450 
7004 383 19174 
7014 418 20901 
6822 40 2001 
6822 49 2482 
7020 829 41487 
5361 93 4659 
7008 933 46653 
7025 372 18638 
5557 6 344 
5557 9 483 
6122 136 6847 
6813 47 2395 
7049 1843 92195 
7054 1867 93351 
7004 194 9738 
7014 1120 56020 
7021 530 26550 
5515 192 9628 
5154 40 2042 
5459 107 5397 
7020 1700 85016 
7017 241 12099 
7020 590 29515 
5435 15 797 
6614 131 6570 
7010 53 2654 
7020 243 12197 
7010 1363 68171 
5157 54 2719 
7017 1358 67947 
7049 1430 71503 
7010 267 13372 
7010 61 3088 
7014 784 39245 
7049 1609 80494 
7004 696 34832 
7018 336 16801 
7023 1374 68733 
7049 336 16842 
6831 17 898 
7021 711 35570 
7054 209 10465 
5437 201 10079 
5437 206 10309 
5598 70 3547 
5598 72 3604 
7055 479 23982 
7055 479 23992 
6340 49 2470 
7023 216 10812 
6079 16 807 
6195 23 1183 
6801 99 4991 
7004 938 46944 
6353 23 1175 
7026 713 35689 
5519 173 8700 
6446 153 7676 
7008 488 24415 
7023 610 30521 
7023 610 30523 
6502 35 1783 
7020 323 16179 
7021 338 16906 
7054 338 16950 
7010 1183 59186 
7020 573 28651 
7020 573 28671 
7054 1931 96600 
7055 516 25823 
6698 129 6469 
6976 23 1189 
6976 33 1674 
7001 445 22251 
6592 73 3699 
7010 516 25826 
7018 157 7892 
7021 205 10270 
7004 734 36738 
7049 907 45368 
7049 1929 96460 
7001 872 43605 
6676 78 3909 
6676 82 4121 
7051 74 3737 
7054 591 29574 
7054 591 29589 
7010 1506 75305 
7018 884 44203 
7012 365 18277 
7023 873 43680 
7020 1327 66367 
7020 1327 66399 
7008 1412 70623 
6466 3 173 
6783 45 2263 
7018 159 7963 
5454 148 7424 
7004 1566 78344 
7012 1497 74883 
6478 100 5003 
7008 481 24098 
7023 666 33339 
5930 92 4607 
6822 59 2986 
7006 245 12299 
7049 546 27301 
7049 546 27324 
7001 1126 56331 
7017 952 47614 
7020 1419 70951 
7014 1758 87906 
5361 141 7064 
7021 546 27321 
7023 1588 79411 
6915 1 58 
6946 9 460 
7003 628 31424 
7012 1305 65264 
6626 22 1148 
7010 1000 50009 
7017 1108 55426 
7018 232 11612 
7004 238 11920 
7008 1197 59860 
7018 932 46607 
7018 951 47559 
7019 204 10222 
7025 184 9215 
7049 639 31980 
7055 424 21245 
7049 892 44626 
6439 43 2188 
7003 1237 61873 
7016 279 13988 
6553 77 3875 
7049 1455 72787 
7008 1350 67525 
7011 239 11972 
7018 435 21770 
7023 1629 81453 
7004 875 43760 
7020 266 13332 
7754 27 1393 
7008 327 16396 
7010 1213 60659 
7010 1213 60669 
7054 644 32211 
6312 128 6425 
7011 243 12183 
7022 52 2642 
6788 45 2274 
7017 1202 60119 
7054 1807 90397 
7001 1023 51188 
7001 150 7501 
7001 150 7502 
7010 683 34165 
7019 365 18279 
7025 593 29691 
7010 993 49678 
7017 1066 53349 
7025 257 12893 
7055 126 6321 
7008 1068 53449 
7020 1574 78729 
6350 134 6721 
7022 178 8937 
6945 7 378 
7019 83 4196 
7019 532 26626 
7020 426 21330 
7012 1544 77205 
7054 1851 92568 
6343 28 1419 
7049 1516 75809 
7049 1516 75835 
7001 926 46344 
7014 602 30150 
7012 1644 82241 
7017 720 36026 
7017 720 36048 
5191 7 367 
7017 139 6986 
7017 1099 54951 
6283 90 4510 
7004 1084 54203 
7012 789 39500 
7049 318 15914 
7003 1314 65728 
6805 72 3624 
6805 76 3804 
7023 482 24137 
7019 389 19475 
7054 1012 50605 
6450 0 1 
6450 2 126 
7008 1365 68298 
7017 1582 79108 
7736 42 2135 
5499 54 2745 
7008 1331 66589 
7014 4 237 
7021 651 32552 
6985 49 2454 
7003 1340 67025 
6921 122 6111 
7014 546 27301 
7006 10 535 
7049 1525 76275 
5217 98 4920 
6659 25 1298 
7012 876 43814 
7010 1530 76530 
7011 15 789 
7049 309 15467 
7017 1726 86324 
7054 1404 70214 
6686 61 3066 
7017 431 21598 
5933 36 1849 
7019 485 24254 
6875 8 431 
7026 27 1388 
6022 16 814 
6058 6 349 
7014 1035 51788 
5432 18 921 
7010 1672 83632 
7014 960 48012 
7014 960 48016 
6955 125 6278 
7021 841 42053 
6530 42 2126 
6530 44 2236 
6786 159 7953 
6930 82 4113 
7008 96 4847 
7008 135 6772 
7023 304 15236 
7049 1683 84193 
6076 23 1198 
7014 1441 72084 
6461 11 585 
7004 100 5045 
6692 34 1717 
7014 1357 67874 
7014 1357 67876 
5965 0 34 
7049 1948 97421 
7014 1393 69657 
7049 1506 75319 
7020 1493 74659 
7003 985 49280 
7017 1676 83818 
7018 668 33408 
6823 11 570 
6830 72 3612 
7007 2 119 
7021 178 8907 
7012 70 3511 
7017 1255 62755 
7017 1667 83399 
7010 1492 74650 
5915 28 1410 
7012 1606 80349 
7021 741 37058 
6666 84 4230 
7011 25 1274 
7011 25 1277 
7019 438 21916 
7019 438 21919 
7055 605 30270 
7055 605 30283 
7013 25 1283 
7021 58 2913 
7023 279 13997 
7055 254 12704 
5034 36 1803 
6162 60 3026 
6616 137 6872 
6616 143 7190 
6676 124 6231 
7006 60 3003 
7020 1479 73986 
7055 467 23370 
5581 47 2379 
7025 595 29775 
7003 1014 50721 
7004 1390 69503 
7016 262 13127 
7054 660 33002 
7054 1622 81148 
7010 1411 70565 
7012 138 6903 
7012 138 6928 
7014 1041 52098 
6480 72 3625 
6480 73 3652 
7003 602 30147 
7017 1372 68642 
7026 286 14335 
7023 1210 60544 
7054 519 25968 
6192 46 2348 
6785 57 2894 
7014 1417 70873 
7008 1216 60801 
7012 67 3364 
7008 160 8048 
7022 237 11869 
7023 1322 66112 
6957 81 4084 
7006 217 10887 
7006 183 9192 
6919 111 5552 
7461 51 2553 
6830 132 6636 
7003 1174 58709 
7012 1682 84132 
7020 1474 73706 
7020 1474 73720 
6914 27 1375 
7514 5 295 
7008 351 17578 
7008 351 17594 
7055 675 33771 
7055 675 33778 
7055 675 33787 
6350 88 4438 
6577 21 1063 
6577 22 1103 
6577 23 1189 
6577 26 1338 
5017 14 745 
5106 176 8806 
7006 406 20348 
5976 7 392 
7020 1952 97626 
7026 457 22860 
7012 367 18381 
7023 1929 96475 
7017 953 47670 
7021 747 37373 
6579 1 71 
7055 133 6664 
7017 1209 60457 
6540 57 2890 
7010 536 26801 
6030 113 5665 
6596 80 4021 
7010 1576 78837 
7012 262 13123 
7020 322 16122 
7020 1337 66892 
7020 1337 66894 
6978 213 10689 
6978 215 10800 
7049 2014 100721 
6122 106 5303 
7018 434 21744 
7023 110 5508 
7014 1142 57112 
5929 74 3735 
6922 216 10824 
7025 604 30249 
7049 33 1681 
7054 72 3648 
6433 6 302 
7023 1260 63010 
6952 81 4092 
7011 315 15766 
7017 51 2556 
7026 297 14860 
7055 290 14530 
7001 818 40934 
7001 818 40939 
6026 40 2041 
7054 1790 89536 
7054 1839 91958 
7054 1839 91959 
7054 1839 91996 
6359 76 3801 
7012 272 13649 
6533 54 2741 
6533 124 6218 
6874 43 2188 
7023 1424 71236 
6381 147 7356 
7026 301 15100 
6362 104 5233 
6999 44 2210 
7008 1085 54253 
7012 344 17204 
7008 469 23476 
7019 330 16540 
7006 459 22970 
7004 1654 82721 
7010 289 14476 
7049 891 44594 
4982 80 4012 
6301 96 4835 
6668 120 6038 
7020 353 17700 
7023 1401 70083 
6387 97 4858 
7011 262 13140 
7012 668 33448 
6936 90 4507 
7026 167 8373 
5455 130 6510 
6004 107 5351 
7016 354 17709 
7012 1315 65764 
7012 1315 65789 
7020 690 34504 
7014 297 14900 
7020 1671 83574 
7020 588 29442 
7001 247 12380 
7049 698 34910 
7049 698 34918 
7001 1181 59083 
7014 1266 63311 
7014 1266 63344 
6959 210 10519 
7023 367 18367 
7006 570 28549 
7020 1402 70142 
7020 1631 81588 
7021 622 31149 
7001 118 5921 
5436 80 4021 
5436 86 4317 
6859 233 11651 
7054 270 13523 
7054 270 13546 
7020 1714 85733 
7023 1475 73798 
7054 827 41399 
6973 3 182 
6973 5 272 
7020 46 2304 
7004 622 31132 
7010 135 6771 
7014 1711 85577 
6912 85 4263 
7017 209 10494 
7018 317 15882 
5474 94 4713 
7025 338 16907 
7049 691 34596 
7011 116 5819 
5557 86 4310 
7004 478 23929 
7014 441 22064 
6426 82 4147 
6768 68 3414 
6507 209 10495 
7054 1924 96222 
7020 1767 88396 
7023 398 19912 
7023 1142 57101 
7003 140 7041 
7020 936 46827 
7001 952 47635 
7165 22 1146 
7165 27 1365 
6546 13 659 
7023 1151 57582 
7012 1469 73453 
7012 1469 73466 
7057 6 348 
7012 1217 60886 
6615 115 5755 
6402 3 154 
6969 20 1020 
5212 31 1585 
7017 1114 55732 
5051 80 4044 
7008 918 45927 
7010 141 7064 
7054 1111 55559 
6776 16 837 
7017 948 47425 
4982 22 1142 
5921 6 334 
7020 798 39904 
7025 526 26327 
7049 1444 72230 
7003 1107 55374 
7008 1210 60508 
7008 1210 60514 
6692 57 2872 
6692 59 2951 
7014 1355 67759 
7020 1673 83697 
7020 1673 83698 
7008 655 32773 
7010 1173 58684 
7014 1492 74633 
7014 1492 74638 
6502 54 2715 
7004 1144 57220 
5949 0 33 
7003 401 20078 
7049 1793 89669 
7019 347 17394 
7049 404 20225 
6479 27 1362 
6479 35 1772 
5499 180 9038 
7003 1042 52120 
7010 1254 62713 
7010 1182 59148 
7014 1269 63474 
7023 1172 58626 
7054 880 44029 
6923 91 4552 
6923 96 4827 
7004 45 2264 
7008 151 7561 
7023 736 36809 
7026 249 12460 
7049 1022 51113 
7049 1022 51128 
6322 53 2660 
7023 234 11732 
7023 961 48054 
7025 488 24403 
5093 106 5339 
6358 27 1392 
7001 331 16559 
5609 0 40 
7001 637 31857 
7001 73 3697 
7008 530 26513 
7054 1679 83969 
7018 771 38572 
7004 96 4832 
7006 169 8463 
7020 432 21627 
5611 91 4593 
6616 89 4500 
7054 499 24968 
5169 97 4900 
7001 1139 56953 
5960 56 2843 
7012 1384 69211 
7023 1237 61864 
5521 22 1130 
7001 467 23354 
7020 1925 96277 
6506 205 10274 
7001 36 1808 
7025 43 2151 
6004 1 75 
7020 1193 59679 
7026 409 20454 
7054 1242 62107 
7023 1125 56292 
7049 1191 59595 
5985 92 4636 
7010 1181 59068 
7012 1562 78112 
7012 1562 78124 
7021 846 42317 
5968 2 134 
7003 1137 56882 
6933 26 1320 
6933 28 1438 
7020 1450 72542 
7054 1075 53753 
6918 103 5175 
6918 112 5621 
7017 1581 79054 
7025 585 29273 
7010 1054 52706 
7054 532 26641 
7054 954 47731 
7023 112 5649 
7051 31 1566 
7018 204 10236 
7014 235 11760 
7014 385 19291 
7020 575 28774 
7013 117 5855 
7021 407 20352 
7001 358 17916 
7012 90 4549 
6773 33 1678 
7003 1394 69704 
7054 1880 94047 
7049 458 22923 
6022 4 232 
6300 87 4366 
7007 34 1747 
7010 1703 85197 
7021 565 28284 
6592 112 5612 
6830 171 8578 
7010 101 5074 
6217 152 7611 
7023 70 3534 
7023 282 14132 
7054 156 7805 
5061 37 1888 
7054 1813 90680 
6928 4 248 
7008 199 9985 
7026 811 40590 
7054 758 37912 
7378 6 301 
7004 1027 51361 
7014 94 4742 
7017 654 32734 
7023 17 873 
7012 560 28045 
7020 133 6659 
5545 1 72 
6427 133 6667 
7010 439 21952 
7010 439 21987 
7019 567 28353 
7054 1765 88292 
6303 178 8924 
7012 926 46316 
7012 926 46320 
7054 767 38368 
5328 61 3065 
5328 67 3389 
5328 69 3468 
6354 90 4531 
7020 1255 62764 
7012 568 28425 
7017 963 48159 
6773 202 10113 
7010 780 39025 
7019 164 8205 
7008 1295 64761 
7020 1166 58328 
7003 872 43648 
7011 204 10227 
7017 1143 57178 
7020 1703 85162 
7020 1703 85170 
7014 1259 62974 
6956 11 579 
7001 948 47416 
5051 145 7258 
5151 111 5555 
5207 36 1809 
7020 103 5175 
7049 678 33938 
7014 204 10223 
7055 158 7949 
5624 63 3191 
7003 372 18620 
7017 195 9764 
7008 733 36677 
7010 525 26277 
7562 50 2527 
7014 419 20960 
7016 84 4229 
7020 341 17051 
7046 58 2901 
5013 198 9948 
7004 1537 76880 
5169 83 4178 
5169 84 4237 
6490 86 4340 
7017 10 543 
7026 814 40716 
7054 1833 91674 
6444 93 4694 
7014 1234 61748 
5044 109 5490 
6822 109 5460 
7008 1373 68685 
7017 1260 63030 
7003 810 40510 
7014 136 6847 
7055 638 31926 
7008 1309 65485 
7023 115 5758 
7023 115 5767 
5894 116 5833 
6956 38 1909 
7010 1415 70763 
7017 540 27001 
7001 448 22402 
7018 681 34094 
7023 703 35185 
5777 0 25 
6540 43 2167 
6657 6 325 
7026 400 20047 
7004 1 90 
7012 425 21293 
7049 1141 57063 
7022 112 5603 
7018 412 20650 
5211 42 2116 
7001 1069 53462 
7019 417 20859 
7020 1134 56707 
7017 767 38353 
7049 958 47931 
7012 1348 67426 
7012 1348 67433 
7023 1931 96588 
7049 594 29722 
7049 594 29745 
7003 203 10185 
6571 195 9768 
6687 223 11178 
6664 15 796 
5025 17 860 
6118 84 4211 
7001 164 8231 
7004 299 14977 
5103 15 779 
6789 59 2967 
6350 39 1960 
6801 173 8661 
6859 174 8709 
7048 196 9803 
6934 107 5378 
7023 133 6654 
7004 261 13082 
5576 2 134 
7001 1114 55741 
7004 731 36577 
7055 336 16822 
7020 450 22509 
6340 164 8208 
7020 621 31064 
7003 1462 73141 
7004 1117 55882 
7010 622 31144 
7012 1173 58669 
7003 668 33403 
7022 244 12225 
6579 111 5565 
6579 115 5779 
6666 31 1573 
7010 616 30849 
7020 739 36975 
6799 68 3430 
7010 170 8527 
7017 969 48472 
7020 1769 88452 
6999 45 2287 
7049 840 42023 
7010 959 47955 
7017 118 5920 
7026 256 12819 
7049 1645 82268 
7055 346 17318 
7010 442 22132 
7014 1594 79719 
6798 123 6185 
7001 569 28483 
7003 181 9090 
7023 196 9841 
7010 1331 66568 
7048 39 1957 
6905 53 2667 
6100 29 1497 
6489 13 664 
7008 121 6066 
7049 1939 96965 
6369 46 2305 
6501 13 676 
7014 1701 85076 
7025 251 12576 
7054 869 43474 
7004 917 45872 
7004 917 45885 
7012 1411 70567 
7017 1610 80509 
7049 894 44728 
6926 11 570 
7003 154 7718 
7004 1519 75995 
7436 29 1459 
5891 137 6900 
5891 138 6921 
7026 615 30798 
7014 1670 83511 
7019 288 14414 
7055 595 29751 
6944 2 108 
6944 4 246 
7004 1030 51533 
7017 1374 68717 
6801 95 4752 
7012 884 44202 
7021 491 24579 
6893 175 8755 
7006 507 25351 
7012 780 39020 
7012 780 39048 
7023 1534 76736 
7023 1534 76744 
7049 1982 99113 
6688 57 2877 
6766 54 2738 
5364 124 6207 
5364 128 6446 
7004 1343 67153 
6461 90 4509 
7020 1092 54607 
6488 13 664 
7004 916 45811 
7141 17 895 
5912 69 3498 
6614 31 1600 
5578 19 985 
6955 192 9640 
7012 22 1109 
7003 1562 78113 
7014 1744 87215 
7014 1744 87237 
7022 170 8516 
7507 222 11106 
7023 477 23885 
7023 1696 84849 
7049 1575 78795 
6831 83 4195 
7008 580 29009 
7112 0 19 
6425 76 3809 
6919 151 7595 
7003 1510 75531 
7023 269 13471 
6978 226 11314 
7001 432 21601 
7023 827 41364 
7012 802 40103 
7020 1260 63014 
7761 45 2282 
7020 1414 70749 
6599 10 521 
6507 140 7046 
6912 125 6269 
6022 86 4307 
6356 11 556 
7019 575 28785 
7025 495 24796 
6320 30 1524 
7003 1113 55673 
7023 1251 62564 
5975 74 3728 
6410 75 3776 
7014 556 27820 
7095 20 1028 
7010 262 13143 
7019 171 8587 
6605 72 3626 
7020 711 35581 
7010 238 11915 
7014 1644 82220 
7020 173 8682 
6653 56 2830 
7018 123 6182 
6638 12 632 
7020 241 12070 
7004 1736 86840 
7003 373 18656 
7003 373 18680 
7023 1742 87104 
7001 943 47153 
6096 38 1902 
7049 717 35888 
7049 1804 90203 
7049 1804 90247 
7003 236 11834 
6338 100 5014 
7010 1146 57302 
7012 1229 61467 
7022 168 8434 
7004 292 14648 
7014 589 29489 
6945 31 1585 
6999 23 1153 
6999 23 1190 
7023 784 39242 
7054 1981 99058 
6348 161 8089 
7018 856 42802 
7003 1591 79569 
7010 890 44543 
7021 608 30435 
6428 21 1075 
6937 91 4572 
7049 1565 78279 
6855 114 5712 
7021 40 2040 
7049 739 36980 
6506 62 3146 
7004 1516 75840 
6798 174 8735 
7021 526 26301 
7003 200 10042 
7003 1150 57537 
7020 467 23375 
7054 1401 70056 
6483 93 4681 
6483 94 4750 
6936 201 10083 
7012 533 26686 
7016 237 11871 
7016 300 15031 
7023 904 45228 
5994 15 772 
7003 1209 60489 
7003 1414 70713 
7014 1330 66518 
7051 87 4356 
7054 356 17848 
7023 303 15191 
7017 347 17378 
7055 697 34893 
7142 1 56 
7008 965 48297 
7017 1239 61960 
7053 8 419 
6629 18 914 
7004 85 4274 
7049 1477 73887 
7049 1477 73889 
7014 1088 54420 
7054 1316 65824 
7054 1316 65830 
6806 10 543 
7054 424 21216 
7020 1369 68479 
7001 97 4851 
6775 11 592 
7010 1370 68516 
6589 168 8450 
7001 595 29760 
6329 50 2503 
7023 1825 91255 
7012 705 35254 
7018 456 22809 
7010 1620 81034 
6861 212 10605 
6113 42 2120 
7012 704 35237 
6901 62 3115 
7004 925 46279 
7004 925 46283 
7017 239 11999 
7014 1254 62703 
5547 46 2337 
7012 859 42973 
7012 126 6303 
7012 1171 58565 
7018 553 27664 
6666 190 9517 
7054 1696 84804 
7054 1696 84833 
6631 24 1203 
6690 51 2589 
7023 1476 73809 
6211 143 7156 
6560 8 436 
7017 586 29319 
6417 125 6284 
7051 53 2674 
7051 53 2687 
7054 1155 57760 
7054 1289 64495 
5905 60 3028 
7020 1234 61714 
6998 181 9051 
6998 181 9060 
6998 182 9138 
7012 1169 58460 
7019 376 18844 
7049 1466 73306 
6552 0 30 
6991 120 6049 
7020 948 47433 
7049 1474 73712 
7004 718 35901 
5901 85 4274 
7014 1328 66404 
7049 741 37053 
7049 741 37071 
5625 0 15 
7055 672 33605 
6763 15 785 
7001 1079 53975 
5540 30 1508 
7001 120 6043 
7020 213 10676 
7011 69 3487 
7049 764 38233 
7049 1507 75395 
7003 1677 83871 
6879 51 2581 
7016 305 15278 
7025 190 9526 
6882 201 10082 
6882 202 10131 
6976 14 724 
7023 1097 54894 
5935 65 3273 
6323 49 2494 
6780 132 6621 
6383 37 1878 
6383 39 1991 
7461 95 4759 
7001 12 627 
5994 27 1399 
7013 75 3761 
7020 1141 57079 
7008 1173 58666 
5587 15 784 
7014 227 11382 
7049 1988 99418 
7055 657 32856 
4975 48 2412 
5965 38 1921 
6300 64 3228 
6756 57 2888 
7001 1118 55904 
6697 110 5522 
6998 171 8568 
7004 655 32765 
7003 1345 67264 
7010 366 18340 
6855 16 826 
6605 126 6316 
7049 683 34166 
7049 683 34186 
6355 7 364 
7023 1670 83542 
5341 93 4687 
6483 117 5866 
5584 31 1589 
6932 168 8425 
7054 1165 58270 
7004 62 3140 
7016 113 5692 
7017 574 28722 
6387 21 1074 
7008 1126 56312 
7012 937 46860 
7023 201 10063 
7023 201 10067 
7008 882 44139 
6932 210 10530 
7017 890 44517 
5071 44 2237 
7006 465 23290 
7014 578 28928 
7014 578 28944 
7023 566 28310 
7023 566 28332 
6552 21 1065 
6999 39 1956 
7006 397 19885 
6577 120 6019 
6577 123 6194 
7004 298 14907 
7023 1845 92272 
7001 79 3968 
6506 114 5745 
6588 34 1717 
7001 151 7588 
7001 151 7595 
6672 15 780 
6672 18 914 
7008 143 7192 
7010 1708 85434 
5459 141 7057 
7001 343 17154 
7004 854 42702 
7004 854 42711 
7020 586 29309 
7020 586 29331 
6919 184 9231 
7010 355 17762 
7008 1416 70801 
7014 261 13086 
7014 376 18810 
7017 1382 69110 
6562 211 10573 
5203 77 3879 
7054 212 10621 
7003 95 4788 
7055 492 24618 
7644 75 3777 
7023 893 44671 
6594 16 839 
7012 1454 72714 
7020 734 36750 
7023 62 3123 
7025 430 21546 
7008 1254 62713 
7017 468 23430 
7017 468 23443 
7049 801 40090 
6765 151 7588 
6968 64 3227 
7001 630 31531 
5136 34 1717 
5433 98 4905 
7017 1350 67545 
6888 16 814 
7003 836 41813 
6939 70 3547 
7004 1350 67540 
6353 8 410 
7004 146 7332 
7023 574 28708 
7046 81 4063 
5092 126 6346 
6563 15 759 
6563 30 1521 
7018 73 3658 
6915 88 4433 
6663 8 425 
7004 767 38392 
7008 967 48377 
7012 1646 82341 
7003 598 29906 
7010 1629 81477 
5614 5 289 
7054 1181 59094 
6881 156 7805 
6074 43 2198 
6497 124 6209 
7004 946 47337 
7006 2 127 
7018 189 9491 
7025 542 27123 
7049 530 26530 
7049 869 43452 
6507 177 8896 
7014 1498 74901 
6199 154 7708 
7020 1165 58291 
7049 579 28957 
7007 54 2714 
7023 1 63 
6956 30 1529 
7003 333 16677 
7006 332 16647 
7016 319 15970 
7054 317 15872 
7055 203 10185 
6803 95 4795 
7008 13 668 
7017 1391 69553 
7010 916 45826 
7010 916 45842 
7026 236 11818 
7001 306 15335 
7003 1371 68592 
7012 454 22733 
7006 216 10815 
7016 364 18219 
7016 364 18238 
7023 1515 75765 
7012 1387 69354 
7049 855 42766 
7011 253 12683 
6220 20 1033 
6916 137 6877 
7049 1106 55331 
5921 51 2595 
7054 21 1056 
7054 21 1058 
7003 1277 63856 
7023 317 15876 
6527 91 4592 
6527 94 4749 
7019 359 17986 
6775 9 472 
7012 1700 85006 
7020 1731 86582 
7054 1186 59342 
7020 1616 80806 
7020 1616 80836 
7576 23 1157 
7055 239 11972 
6199 36 1803 
7084 67 3373 
4979 29 1454 
7003 283 14186 
7003 1463 73200 
7023 1170 58548 
6968 36 1807 
7026 853 42698 
7021 660 33044 
7054 13 664 
7023 641 32086 
7008 731 36559 
7008 731 36578 
7054 818 40948 
7003 673 33698 
7049 1199 59997 
6917 0 34 
6081 9 493 
6903 4 212 
6954 24 1247 
7010 658 32907 
7025 538 26936 
7004 644 32232 
7054 1815 90791 
5385 153 7697 
5157 91 4583 
7021 661 33088 
6322 1 98 
7020 165 8265 
7001 383 19176 
7001 383 19178 
7023 1146 57341 
6749 213 10657 
6981 122 6139 
5019 48 2422 
6901 182 9144 
7025 26 1342 
7054 1007 50397 
6021 215 10779 
5519 92 4619 
7020 1686 84348 
6619 8 436 
7010 1297 64874 
7008 68 3410 
7055 224 11247 
6384 8 421 
7001 715 35753 
7054 729 36474 
6280 140 7048 
6930 24 1220 
7046 118 5950 
7020 15 786 
7055 481 24052 
7026 847 42355 
6888 84 4202 
7003 369 18458 
6356 27 1358 
7017 106 5313 
7022 95 4755 
7020 1119 55965 
7023 1576 78831 
6765 26 1303 
7003 178 8916 
7054 1648 82423 
6614 160 8003 
7025 535 26770 
7023 1241 62076 
6763 149 7460 
7054 1974 98713 
6098 112 5610 
6381 117 5879 
7014 1004 50204 
7014 1004 50237 
7010 11 551 
7010 11 565 
7049 1826 91315 
5515 100 5030 
7017 22 1134 
5411 181 9072 
6198 46 2328 
7546 194 9717 
6553 121 6091 
7003 1753 87654 
5333 30 1508 
6620 109 5494 
6620 112 5621 
7012 1342 67143 
4969 141 7074 
7756 30 1540 
7021 21 1069 
7025 434 21707 
7026 865 43260 
5513 50 2530 
6812 60 3003 
6812 63 3154 
7502 80 4016 
7001 855 42776 
7053 53 2700 
5029 181 9090 
7049 136 6801 
7054 362 18146 
7054 1509 75479 
6653 131 6595 
6653 138 6917 
7004 51 2551 
7048 64 3222 
7004 108 5419 
7017 1552 77635 
7023 1911 95567 
7008 371 18582 
7046 87 4360 
7046 87 4379 
7008 742 37141 
7012 954 47720 
7049 603 30155 
7049 1528 76422 
6668 83 4189 
7049 1663 83200 
7054 1999 99959 
7003 1636 81825 
7018 774 38705 
7003 942 47120 
7017 108 5435 
7018 855 42785 
5912 100 5027 
6101 71 3594 
6687 97 4860 
7018 608 30401 
5382 213 10657 
7018 672 33640 
7012 114 5732 
7020 1306 65344 
7021 818 40945 
6907 46 2320 
7010 996 49839 
6853 80 4047 
7023 276 13815 
6749 138 6922 
7001 365 18283 
7046 50 2545 
7049 1601 80068 
7017 300 15011 
7017 1526 76332 
7017 1526 76336 
7026 245 12266 
7049 238 11911 
7025 25 1267 
6688 1 85 
7003 1064 53237 
7012 868 43413 
7020 1886 94316 
7049 774 38712 
7055 589 29483 
5618 12 636 
6444 115 5763 
7003 1706 85334 
7004 320 16022 
7004 320 16023 
5975 3 185 
6683 126 6316 
6959 47 2396 
7020 1274 63735 
7022 53 2667 
7022 53 2698 
5108 58 2925 
7001 987 49351 
7010 1161 58071 
7049 1858 92946 
6235 79 3978 
6630 106 5313 
6630 109 5489 
6630 114 5731 
7016 173 8665 
7019 185 9263 
7001 601 30059 
6231 67 3381 
7010 454 22744 
7023 1489 74463 
7049 1923 96173 
7020 1901 95051 
6192 127 6362 
6787 40 2038 
7006 410 20528 
7014 534 26727 
6691 0 47 
7008 1142 57115 
7010 133 6692 
6785 236 11816 
7001 890 44520 
7049 1157 57864 
7023 1419 70990 
6853 125 6259 
7001 1060 53046 
7006 201 10084 
7018 813 40675 
7014 202 10112 
7018 393 19681 
7018 393 19699 
7012 1057 52891 
7018 491 24600 
7417 3 189 
6918 116 5809 
7012 687 34387 
7012 687 34396 
7012 1350 67544 
7012 1455 72777 
7054 1459 72985 
7117 1 57 
7699 171 8581 
6956 214 10750 
7010 713 35698 
6866 158 7925 
6901 188 9426 
7013 202 10145 
7020 779 38995 
7021 804 40211 
7010 348 17436 
7003 683 34178 
7014 846 42321 
7054 462 23101 
6866 170 8519 
7003 242 12113 
5516 34 1750 
7004 467 23390 
7014 480 24050 
7020 399 19982 
7012 1272 63618 
7020 1283 64154 
7049 648 32434 
7054 1387 69385 
6790 50 2535 
7010 1059 52967 
7010 1059 52982 
7021 324 16215 
6562 219 10970 
7014 1045 52261 
7108 69 3483 
6572 10 516 
6766 200 10045 
6102 100 5008 
7018 17 863 
7021 694 34709 
7023 1502 75110 
6748 136 6837 
6748 145 7285 
6984 53 2661 
7026 507 25376 
7007 47 2375 
6382 106 5330 
7026 724 36219 
6506 89 4483 
6506 98 4932 
7049 427 21366 
7026 607 30359 
7026 607 30392 
7010 637 31856 
6637 16 820 
7019 369 18488 
6698 108 5421 
5589 58 2941 
5616 24 1229 
7017 1183 59192 
7023 770 38537 
7003 1070 53511 
7003 1070 53512 
7003 1070 53549 
7025 163 8157 
7014 1303 65169 
7021 510 25538 
7053 51 2558 
6828 198 9923 
7020 1098 54936 
7023 580 29030 
6856 24 1220 
7008 83 4174 
7017 884 44233 
6921 133 6657 
6686 25 1288 
6686 32 1616 
7017 503 25169 
7021 543 27174 
6999 61 3065 
5915 92 4611 
6686 51 2590 
7008 340 17005 
7008 760 38039 
7010 1374 68711 
7023 1211 60557 
5364 12 626 
5364 16 835 
6521 32 1607 
7020 1507 75376 
7020 1507 75400 
7023 1154 57701 
7012 440 22020 
7018 417 20858 
7023 863 43156 
5056 65 3257 
5982 1 88 
7026 368 18426 
7049 135 6796 
6783 79 3956 
7014 1751 87587 
7019 176 8814 
7054 1836 91811 
6799 6 342 
7014 666 33303 
7020 977 48861 
7023 43 2180 
7020 1136 56837 
6668 108 5412 
7012 625 31280 
7021 831 41571 
7016 312 15627 
5328 96 4831 
7047 71 3574 
5388 27 1381 
6932 44 2216 
7012 216 10835 
6168 79 3973 
7017 120 6031 
6182 99 4997 
6224 36 1803 
6776 65 3259 
7001 236 11826 
7017 100 5039 
7023 130 6509 
7023 1086 54323 
7001 548 27416 
6663 210 10540 
6800 6 320 
6323 11 581 
7017 1652 82625 
6787 39 1963 
7023 1175 58751 
7010 538 26906 
7010 1261 63060 
7008 1235 61758 
7008 1235 61792 
7017 1603 80157 
6882 218 10922 
7004 281 14091 
7012 438 21939 
6113 51 2551 
7012 1525 76267 
7497 81 4079 
6382 121 6051 
7003 219 10960 
7012 812 40626 
7013 143 7182 
7021 812 40601 
7055 737 36874 
7020 1160 58044 
6572 52 2647 
7001 393 19668 
5573 85 4264 
6907 87 4369 
6907 90 4532 
6907 93 4687 
7003 1431 71592 
7055 41 2083 
7014 629 31492 
7023 872 43626 
7025 269 13467 
7021 774 38734 
5332 176 8806 
7012 1708 85401 
6577 82 4109 
7008 1060 53005 
7017 482 24136 
7012 979 48955 
7012 1675 83758 
7008 1430 71515 
7011 131 6577 
6813 10 506 
6813 17 857 
7018 318 15914 
7010 358 17933 
7049 814 40736 
7014 523 26176 
7023 1868 93437 
7049 1290 64503 
5971 51 2581 
7008 1285 64291 
6064 12 609 
7026 145 7278 
7008 1167 58394 
7022 242 12103 
6360 69 3494 
6647 186 9304 
6813 100 5010 
7010 51 2566 
7049 170 8543 
5518 7 366 
6773 107 5360 
7004 179 8956 
7004 1097 54885 
7017 1514 75707 
6410 70 3530 
6410 77 3879 
7001 189 9477 
7049 550 27536 
7008 182 9104 
5418 137 6890 
7003 434 21711 
7011 200 10032 
6139 81 4067 
7026 662 33116 
7014 107 5372 
7047 26 1314 
7047 26 1315 
6789 24 1206 
6789 24 1225 
6123 35 1754 
6123 39 1997 
7016 241 12082 
7023 816 40842 
6630 164 8230 
6665 19 983 
7004 287 14372 
7019 19 994 
7017 1175 58773 
7026 115 5752 
7054 1767 88362 
7049 1553 77678 
7004 1247 62368 
6969 168 8430 
7014 211 10574 
7014 211 10580 
6786 41 2090 
7054 266 13347 
6288 85 4264 
6836 40 2013 
7010 804 40235 
7054 1025 51257 
6813 192 9650 
6533 85 4269 
7008 1325 66276 
7010 465 23259 
7017 221 11082 
5019 33 1699 
6776 93 4684 
6871 57 2886 
6888 108 5428 
7017 457 22874 
6223 32 1601 
7013 122 6117 
7049 1450 72536 
6360 15 795 
7003 1152 57627 
7049 955 47765 
5500 6 341 
5214 3 179 
7020 686 34347 
7054 1976 98848 
7004 371 18583 
7004 1222 61120 
7010 389 19462 
7018 195 9761 
7046 17 851 
6339 57 2862 
7023 244 12243 
7014 298 14945 
7012 230 11534 
7017 152 7636 
7010 129 6477 
7020 1882 94115 
5084 9 463 
7054 2012 100624 
6921 128 6429 
7008 356 17819 
6590 33 1696 
5130 21 1067 
5130 21 1088 
7010 492 24648 
7019 406 20340 
7008 431 21600 
6647 160 8011 
7008 1420 71019 
7020 778 38908 
7023 1470 73531 
7020 411 20558 
5044 44 2220 
6611 3 164 
5619 17 861 
7003 268 13418 
7006 353 17680 
7010 585 29254 
6562 111 5559 
6155 16 818 
6596 113 5675 
7008 517 25895 
7017 1437 71878 
6859 240 12038 
7014 717 35875 
7008 257 12879 
7008 1123 56177 
6779 118 5927 
6798 57 2866 
7049 1346 67304 
7023 256 12846 
7023 1889 94481 
7001 726 36350 
7018 961 48058 
7023 151 7592 
7019 277 13880 
7026 773 38655 
6547 29 1458 
7054 828 41429 
7023 1008 50418 
6830 230 11537 
5185 25 1261 
6859 88 4441 
6859 94 4723 
7004 1710 85508 
5933 8 434 
6565 42 2145 
6565 46 2336 
6922 79 3956 
7001 267 13388 
7012 40 2013 
7017 399 19960 
7020 576 28843 
6506 152 7641 
7003 845 42275 
7003 1055 52759 
7012 1223 61183 
7049 1160 58002 
7054 480 24003 
6919 24 1238 
6461 1 75 
7023 1147 57390 
7023 1147 57396 
6431 39 1988 
6766 74 3743 
7010 1704 85203 
7010 1704 85236 
7010 1704 85238 
7012 1287 64387 
6748 147 7361 
7049 1823 91168 
7054 739 36989 
6827 116 5814 
6986 52 2633 
6901 146 7338 
7007 136 6812 
7023 1495 74775 
6594 38 1929 
7003 347 17388 
7049 300 15030 
7049 1522 76122 
5600 162 8103 
7010 564 28218 
7048 3 183 
7003 705 35277 
7017 240 12049 
7023 732 36622 
6949 12 615 
7017 805 40296 
7017 1251 62570 
7020 11 553 
7020 11 568 
6323 44 2217 
7049 1382 69124 
5966 95 4774 
6288 158 7925 
7014 875 43795 
7020 451 22589 
6953 81 4052 
6482 98 4949 
6482 98 4950 
6482 102 5142 
6482 105 5280 
7004 973 48673 
7008 170 8527 
7004 1270 63501 
6861 192 9627 
7003 146 7302 
7003 470 23509 
7006 228 11413 
7008 244 12234 
5600 116 5838 
6176 23 1167 
7001 171 8587 
7049 1773 88658 
6973 108 5421 
6973 108 5449 
7026 94 4750 
7023 1824 91201 
7023 1824 91224 
7049 1365 68282 
7014 198 9941 
7014 1455 72770 
7054 1486 74341 
6991 20 1008 
7006 606 30319 
7004 1069 53478 
7014 502 25103 
7049 470 23520 
7049 839 41974 
7049 839 41983 
7020 1881 94066 
6747 20 1021 
7128 62 3125 
7014 1150 57514 
7017 1280 64004 
7017 1579 78971 
6633 9 475 
7006 160 8039 
6667 36 1809 
7010 586 29308 
7054 402 20150 
6653 9 490 
7017 90 4519 
7017 90 4547 
7014 1739 86968 
7055 101 5058 
7055 176 8836 
7013 197 9880 
7020 29 1495 
6647 64 3230 
7004 311 15569 
7004 579 28988 
7018 644 32209 
7018 644 32233 
6828 232 11613 
6828 233 11656 
7693 6 349 
7003 227 11360 
7010 1381 69074 
7014 895 44800 
7021 243 12172 
7021 243 12196 
7017 622 31134 
7049 2022 101105 
7004 1430 71542 
7006 70 3520 
7006 70 3525 
7008 338 16909 
6778 10 517 
7003 1611 80583 
7018 106 5311 
7020 1932 96644 
6090 56 2810 
7010 308 15412 
7049 1715 85789 
5145 25 1288 
7001 1156 57839 
7023 146 7303 
7046 21 1056 
7055 11 599 
7010 1591 79559 
7054 687 34358 
7003 1405 70257 
7003 1405 70268 
7010 1482 74112 
7017 621 31080 
6894 28 1445 
7003 719 36000 
7025 528 26423 
5397 113 5651 
6348 86 4350 
7020 129 6455 
7023 454 22746 
7022 181 9079 
6687 83 4186 
7004 1562 78144 
7008 541 27091 
6046 33 1663 
6780 124 6202 
6780 125 6287 
6343 99 4991 
7135 62 3138 
7004 1090 54542 
7049 166 8313 
5437 40 2001 
6297 20 1041 
6297 20 1044 
7013 21 1099 
7017 769 38476 
7023 350 17543 
6303 102 5140 
6535 153 7699 
7014 692 34640 
6989 181 9065 
7020 825 41254 
7008 1239 61966 
7048 137 6878 
7010 808 40450 
7010 1324 66229 
7051 32 1645 
7054 752 37601 
6958 39 1951 
7021 723 36197 
6622 17 890 
6801 67 3374 
6978 154 7713 
6978 155 7800 
7054 8 449 
5979 16 826 
5979 22 1111 
6926 7 394 
6989 219 10986 
6229 14 724 
6436 19 981 
5187 164 8236 
6634 126 6305 
7006 135 6784 
5106 95 4770 
6092 1 77 
7055 289 14498 
6795 39 1998 
7006 500 25041 
7023 324 16243 
6663 104 5229 
6663 112 5621 
6663 113 5680 
7003 914 45701 
7020 1332 66608 
6859 81 4082 
7004 1320 66049 
6882 98 4934 
7003 1505 75261 
7011 294 14737 
5911 25 1285 
5911 28 1412 
6300 82 4140 
5203 45 2272 
6836 30 1507 
6932 34 1724 
7021 231 11552 
5929 31 1561 
7008 186 9342 
7054 1126 56325 
7020 1546 77310 
6985 7 399 
7014 1080 54023 
7019 521 26054 
7047 10 549 
7054 1534 76703 
7054 1636 81821 
7054 1636 81836 
7001 936 46809 
7017 1193 59674 
7004 1361 68053 
7012 1665 83278 
7010 429 21483 
7010 429 21499 
6788 20 1050 
7006 291 14585 
7023 813 40672 
7010 1760 88035 
7014 1548 77433 
7008 196 9807 
7049 1733 86683 
7046 26 1336 
7003 1386 69339 
7014 1559 77955 
5906 135 6761 
7020 1014 50735 
6789 37 1853 
6824 5 300 
6856 8 438 
6856 9 494 
7008 1131 56582 
7020 1506 75312 
6811 77 3867 
6946 18 911 
7001 1082 54135 
7055 399 19975 
6502 121 6074 
7010 412 20633 
7019 522 26134 
6304 35 1798 
7019 178 8935 
7019 353 17690 
7019 353 17694 
7001 1051 52563 
7003 28 1404 
7011 104 5209 
7008 1186 59312 
7011 270 13548 
7020 487 24392 
7749 12 648 
6503 49 2485 
7004 1014 50745 
5937 0 26 
7010 1420 71031 
5386 121 6054 
7049 1082 54122 
6227 32 1634 
7019 315 15795 
6884 4 221 
7017 62 3121 
7017 62 3131 
6761 27 1376 
7023 704 35221 
7004 344 17214 
6888 161 8063 
6888 168 8423 
7049 1234 61729 
6467 66 3349 
6318 11 579 
7008 354 17735 
7008 354 17745 
7017 1462 73132 
7023 247 12400 
7006 463 23194 
7054 367 18371 
6671 104 5221 
7049 393 19676 
