Run Subrun Event
8748 97 4874 
10688 159 7987 
8917 58 2945 
9563 608 30425 
9340 182 9148 
8776 58 2916 
10551 128 6426 
9087 49 2499 
9298 172 8614 
9037 141 7054 
8918 113 5680 
8771 166 8325 
9002 112 5623 
9037 249 12473 
9650 159 7990 
10563 105 5271 
8589 257 12869 
10693 333 16691 
8440 74 3725 
9321 156 7840 
9354 0 45 
9240 98 4919 
10611 173 8667 
9572 94 4709 
9096 272 13608 
10448 271 13597 
8975 27 1355 
9372 185 9294 
9444 365 18277 
9750 138 6949 
10482 117 5888 
10537 42 2138 
9214 73 3662 
9434 150 7507 
9434 158 7925 
10864 1 86 
8520 43 2192 
9670 110 5541 
9442 42 2118 
9601 12 629 
8471 325 16259 
9637 0 44 
10484 78 3909 
9618 146 7302 
8668 24 1244 
9344 58 2943 
10437 159 7981 
9072 65 3296 
9704 32 1635 
8412 31 1564 
8627 5 278 
9457 54 2720 
8784 142 7111 
9085 110 5542 
10583 15 799 
10439 159 7974 
10836 113 5679 
8742 45 2288 
8470 20 1027 
9299 308 15431 
10442 238 11946 
9587 357 17879 
9587 362 18139 
9095 158 7948 
9656 224 11209 
10484 75 3791 
10807 107 5391 
9717 92 4646 
10613 83 4196 
9348 107 5373 
9597 395 19776 
8999 101 5097 
9338 232 11619 
9366 255 12769 
9570 21 1054 
9570 21 1087 
9500 77 3857 
10436 162 8147 
8738 199 9959 
8991 38 1934 
9169 18 928 
9299 143 7163 
9560 193 9663 
10382 41 2073 
10923 306 15332 
9208 19 954 
8736 60 3049 
10355 256 12837 
9519 12 619 
9601 377 18865 
8904 126 6344 
9061 238 11912 
10657 58 2909 
9081 41 2065 
8658 18 931 
9682 333 16659 
10663 46 2344 
9245 193 9668 
9545 59 2966 
10727 76 3847 
8936 300 15018 
8936 300 15048 
9194 36 1845 
9749 92 4631 
8543 63 3163 
8747 3 174 
10439 196 9827 
9249 192 9647 
9285 194 9748 
10478 73 3663 
8506 24 1208 
8553 22 1111 
9288 177 8889 
10547 81 4051 
10562 169 8466 
9396 41 2086 
10693 234 11716 
10433 55 2794 
9345 136 6802 
8697 12 635 
9654 49 2452 
10540 137 6875 
10540 147 7397 
9637 328 16401 
9649 75 3770 
9567 187 9369 
8410 224 11226 
10834 172 8623 
10540 28 1417 
9207 100 5006 
9023 135 6783 
9079 15 755 
9535 77 3876 
9535 77 3894 
9603 372 18605 
8654 20 1011 
10445 85 4272 
10744 246 12317 
8589 204 10240 
10988 178 8945 
9284 81 4097 
8935 257 12868 
10906 64 3229 
9410 58 2938 
9284 17 864 
8410 174 8734 
10307 145 7251 
8749 23 1182 
9367 20 1034 
9619 146 7319 
9500 17 881 
10480 185 9284 
10591 272 13616 
8529 252 12618 
9721 23 1174 
8555 5 262 
9095 352 17607 
9459 41 2080 
9336 281 14091 
9716 1 55 
9716 2 129 
9602 363 18164 
9602 365 18288 
8903 31 1573 
9273 312 15644 
8688 80 4035 
9345 74 3749 
9090 194 9712 
9557 27 1374 
9615 217 10860 
10755 300 15018 
9063 238 11922 
9724 2 145 
9437 289 14478 
9619 252 12629 
9684 45 2252 
9757 35 1774 
10618 21 1089 
8680 36 1801 
8697 216 10845 
10480 276 13830 
9216 17 892 
10567 55 2797 
10750 9 475 
10546 116 5837 
9040 18 903 
9215 128 6443 
9364 102 5104 
9639 13 693 
9717 53 2670 
9585 2 117 
8719 250 12516 
9404 142 7114 
9587 466 23318 
9710 164 8236 
10647 253 12693 
9225 22 1121 
9437 338 16902 
9605 126 6306 
9060 140 7041 
9717 112 5611 
8748 45 2287 
9704 20 1007 
8616 158 7906 
9632 31 1573 
10798 52 2620 
9404 16 812 
9404 20 1026 
9720 5 262 
9542 189 9500 
8697 171 8595 
9310 39 1951 
9241 178 8924 
9587 244 12231 
10745 290 14530 
8465 206 10304 
9066 110 5542 
9379 156 7824 
9444 128 6437 
10516 19 958 
10546 4 213 
8411 28 1433 
8894 183 9162 
9356 124 6250 
9558 85 4260 
9439 6 303 
10565 23 1191 
8941 36 1849 
8504 61 3070 
8857 25 1292 
8958 13 669 
9225 122 6147 
8467 109 5462 
9241 29 1500 
9518 246 12337 
9757 54 2718 
9757 57 2871 
9358 351 17558 
10436 291 14567 
9438 57 2861 
8996 180 9032 
10625 238 11919 
10712 258 12922 
8683 204 10216 
8683 205 10274 
10798 117 5900 
10540 49 2455 
10561 47 2385 
10590 55 2760 
9226 319 15994 
10654 1 71 
8528 76 3811 
9239 242 12136 
9239 245 12279 
8917 193 9652 
10654 37 1889 
9281 47 2375 
9313 67 3381 
10955 30 1519 
9285 146 7336 
9289 198 9907 
8691 193 9664 
9208 80 4004 
9545 91 4575 
9636 74 3740 
8548 111 5571 
8548 111 5596 
8548 114 5708 
8656 46 2346 
9608 185 9299 
9561 115 5767 
8876 151 7572 
9412 203 10181 
9432 80 4050 
10714 124 6241 
9297 328 16405 
9717 341 17097 
10629 68 3450 
8889 229 11470 
9554 109 5481 
10645 14 711 
8750 212 10632 
9191 94 4734 
9515 332 16608 
9599 75 3785 
10441 60 3025 
8958 3 196 
8714 143 7153 
9653 245 12252 
9690 37 1852 
8648 107 5382 
8959 115 5776 
8959 116 5849 
9041 102 5108 
9041 103 5184 
8997 4 245 
10437 38 1940 
9685 11 590 
10563 86 4317 
9386 336 16811 
9386 336 16849 
9427 145 7297 
9578 338 16906 
9578 406 20341 
9662 58 2903 
10573 18 933 
10436 291 14598 
8742 157 7867 
9494 216 10850 
10868 25 1281 
8738 300 15004 
9194 67 3351 
9523 45 2267 
10687 173 8663 
10687 176 8824 
10846 89 4478 
10846 93 4678 
10994 182 9108 
9350 40 2016 
9658 110 5521 
10649 187 9358 
9226 216 10810 
9367 34 1713 
9208 287 14389 
9208 288 14414 
10635 139 6975 
10482 70 3504 
9576 181 9100 
9079 142 7115 
9511 605 30262 
9658 90 4540 
9064 207 10385 
10704 52 2647 
8990 11 560 
8990 11 588 
9576 223 11188 
10675 332 16639 
8538 106 5339 
8578 93 4700 
9536 6 307 
8790 44 2202 
9587 361 18088 
9269 57 2894 
10737 248 12422 
10745 80 4011 
8683 116 5830 
8406 24 1211 
10569 135 6789 
9702 40 2031 
10594 3 180 
9377 98 4913 
10520 319 15996 
9273 364 18211 
10727 100 5027 
10656 10 545 
8855 34 1721 
9494 537 26899 
9637 261 13058 
9298 214 10714 
8626 62 3150 
9316 8 425 
9615 189 9466 
9653 28 1441 
8906 83 4172 
9075 155 7767 
10442 314 15740 
9438 70 3545 
10884 146 7320 
9561 113 5671 
9605 220 11034 
10690 180 9011 
9529 93 4697 
10745 97 4857 
8460 315 15776 
8791 10 523 
8791 11 558 
9432 80 4007 
10716 188 9406 
8638 21 1093 
9482 184 9229 
9504 49 2452 
9619 132 6650 
10437 260 13013 
10475 27 1395 
9245 155 7794 
10502 316 15823 
10687 48 2410 
8813 189 9484 
9619 235 11786 
8960 146 7334 
9511 450 22501 
10442 45 2299 
8886 197 9851 
9277 85 4264 
9636 171 8560 
10445 315 15788 
9033 68 3432 
9394 194 9703 
9603 637 31870 
10727 196 9819 
10897 186 9335 
8455 107 5399 
9726 0 40 
10488 20 1036 
9249 205 10291 
10502 323 16200 
10725 68 3426 
8448 36 1832 
9681 38 1949 
9523 665 33277 
10729 48 2409 
8759 177 8891 
9063 101 5055 
9546 0 15 
9440 219 10967 
8784 26 1333 
8886 153 7651 
8893 216 10841 
10307 109 5480 
10921 17 857 
10562 34 1750 
10439 77 3885 
8492 5 293 
10382 108 5422 
9458 250 12546 
9576 466 23338 
10706 34 1737 
10706 37 1876 
10748 42 2149 
9297 211 10576 
8638 2 147 
10508 5 291 
8675 88 4418 
8885 100 5028 
9208 26 1342 
9529 501 25097 
8891 22 1130 
9208 83 4173 
9208 83 4195 
9367 26 1347 
9481 292 14628 
9590 606 30320 
9485 188 9423 
8927 103 5189 
10623 20 1017 
10436 221 11066 
10436 222 11141 
10437 48 2435 
9434 108 5401 
10581 113 5688 
8704 175 8779 
10960 49 2458 
8436 42 2103 
9650 201 10094 
10563 133 6661 
10504 249 12482 
9075 216 10808 
10480 287 14362 
10533 181 9060 
8888 58 2921 
10502 271 13564 
10567 191 9559 
10567 192 9644 
9525 214 10706 
10475 197 9858 
9567 494 24725 
8931 10 527 
8448 34 1703 
8537 265 13286 
9395 194 9737 
10563 333 16661 
10563 333 16677 
9587 530 26529 
9603 455 22764 
9435 170 8534 
10562 166 8303 
9481 204 10224 
9560 1 70 
10761 110 5524 
9023 36 1817 
9324 7 375 
8666 286 14343 
9538 486 24320 
9348 83 4177 
9656 229 11488 
9340 73 3672 
9216 93 4683 
10735 234 11741 
8476 107 5383 
9028 76 3846 
9682 298 14909 
8769 231 11558 
9374 36 1811 
8899 362 18113 
9075 169 8463 
9505 2 146 
9668 178 8931 
10597 222 11118 
9384 27 1381 
9518 174 8739 
10386 135 6774 
10449 316 15822 
9677 85 4290 
10473 184 9203 
8959 130 6506 
9727 124 6213 
9561 179 8984 
9610 52 2608 
10600 6 325 
9033 136 6813 
9216 14 718 
10436 108 5426 
10436 109 5486 
8742 10 537 
8957 121 6054 
10569 201 10077 
9559 145 7251 
10666 154 7743 
8885 206 10328 
9632 42 2137 
9331 25 1290 
8471 217 10894 
9033 228 11406 
9298 109 5452 
10669 147 7366 
10706 36 1808 
10502 154 7715 
9358 104 5226 
9395 208 10426 
8413 96 4817 
9372 74 3703 
10658 32 1604 
8763 14 702 
10480 99 4982 
8537 195 9765 
10578 74 3715 
9631 44 2218 
9637 45 2272 
9241 99 4981 
8853 288 14421 
9215 209 10486 
9281 33 1690 
10696 242 12130 
8799 43 2179 
8799 45 2272 
9243 104 5245 
8680 165 8283 
9404 6 319 
9448 49 2499 
10580 272 13622 
9713 37 1867 
8411 128 6417 
9262 17 854 
10694 29 1486 
8972 1 76 
10551 250 12526 
10696 0 39 
10696 2 124 
8918 112 5628 
9205 48 2437 
10533 176 8847 
10665 232 11615 
9586 419 20998 
9620 346 17309 
9088 94 4733 
9685 11 587 
9726 141 7080 
10657 97 4880 
9288 192 9628 
10560 22 1140 
11039 142 7123 
9340 178 8927 
9538 34 1707 
9529 497 24884 
9285 183 9151 
9531 279 13978 
9297 350 17515 
10308 68 3437 
9313 31 1581 
10821 65 3262 
9615 176 8819 
10743 262 13147 
10645 7 364 
8473 181 9076 
9637 188 9405 
10471 6 334 
8770 249 12463 
8750 212 10620 
8406 107 5393 
8470 13 692 
8794 25 1293 
9595 95 4793 
9595 98 4941 
8799 151 7554 
9467 282 14150 
10355 274 13728 
10355 280 14032 
8445 74 3720 
10592 311 15555 
10592 312 15604 
9477 51 2566 
9435 141 7071 
10483 34 1736 
10669 41 2081 
10683 34 1734 
10683 35 1796 
9249 264 13203 
9682 82 4111 
10355 213 10687 
8619 28 1411 
10445 183 9158 
10445 186 9340 
10952 49 2491 
9354 33 1679 
8690 200 10040 
9201 61 3094 
10584 55 2792 
8987 68 3403 
9718 2 128 
8549 64 3238 
9437 347 17379 
9678 107 5380 
9033 288 14407 
9554 60 3039 
11032 19 954 
9454 22 1147 
8471 17 880 
8853 260 13031 
8959 130 6545 
10969 75 3769 
9348 38 1915 
9717 180 9034 
8548 201 10071 
8751 185 9257 
10683 278 13917 
8999 58 2929 
9369 131 6585 
9545 77 3887 
8691 146 7350 
10553 3 176 
10563 5 276 
10599 142 7102 
8994 57 2888 
9689 144 7207 
9089 22 1145 
10668 161 8064 
10647 140 7017 
9245 226 11340 
8411 137 6891 
8852 43 2183 
8553 159 7996 
9085 31 1598 
9618 146 7313 
9081 102 5142 
10660 174 8730 
8971 70 3513 
9429 36 1829 
10725 81 4083 
9689 121 6084 
9497 10 531 
8958 50 2510 
9040 122 6127 
9518 108 5426 
10629 23 1196 
10482 65 3262 
9497 39 1954 
9035 10 527 
9358 315 15765 
10355 297 14889 
10534 180 9005 
9405 28 1408 
10355 306 15332 
9669 205 10251 
8579 211 10586 
8549 61 3074 
8720 199 9998 
10745 233 11657 
9243 8 404 
8964 61 3051 
9009 10 522 
9657 6 312 
10667 49 2453 
9195 35 1783 
9412 243 12196 
10737 232 11644 
8528 43 2187 
9682 62 3143 
8999 106 5319 
10737 263 13198 
10502 226 11316 
10595 63 3157 
9307 62 3128 
8918 348 17443 
9392 47 2354 
10482 24 1201 
10516 55 2760 
10700 289 14468 
10307 125 6269 
9037 89 4460 
10725 294 14722 
8646 67 3387 
8529 142 7124 
10520 259 12958 
8547 163 8156 
9523 520 26031 
10790 49 2486 
9288 4 225 
9370 259 12952 
9523 4 225 
10938 175 8771 
9617 175 8764 
8934 154 7719 
9049 154 7716 
9216 181 9093 
9601 208 10433 
10724 37 1896 
8750 263 13189 
10523 312 15606 
8918 341 17091 
9394 70 3542 
9491 36 1841 
10908 88 4424 
9038 6 317 
9358 309 15488 
9377 138 6929 
9677 10 544 
9277 78 3949 
9498 126 6305 
8587 41 2058 
8903 20 1018 
9195 22 1107 
9669 289 14494 
8921 66 3322 
9500 593 29669 
9627 7 381 
10874 19 969 
9563 137 6879 
9470 120 6024 
9470 122 6113 
9527 356 17845 
10897 146 7321 
9576 484 24220 
8917 268 13426 
9670 44 2243 
10484 50 2515 
8702 9 493 
9299 189 9463 
9394 176 8844 
9583 629 31473 
9144 90 4504 
8776 1 54 
8776 1 82 
10355 184 9236 
8739 0 35 
9684 124 6215 
9618 233 11663 
9576 363 18196 
9379 120 6030 
10485 1 98 
9188 25 1296 
8620 74 3741 
9144 97 4857 
9188 131 6551 
8446 170 8535 
10565 28 1414 
9717 55 2773 
8762 31 1563 
8621 40 2018 
10721 206 10348 
9442 163 8188 
9565 76 3841 
9565 80 4044 
8510 20 1006 
8510 50 2526 
8994 57 2899 
9479 109 5475 
9500 81 4090 
9651 165 8260 
8720 99 4996 
9245 202 10103 
9442 117 5895 
10547 146 7328 
10755 80 4035 
8807 143 7167 
10355 146 7345 
10355 147 7384 
8537 317 15863 
8769 320 16030 
9444 93 4666 
9210 190 9531 
9379 28 1415 
9684 181 9063 
8702 193 9651 
9245 313 15687 
10725 205 10258 
10725 206 10348 
10735 45 2282 
8770 210 10549 
9207 7 376 
9207 8 442 
9273 228 11408 
9372 127 6371 
10721 288 14402 
9682 39 1977 
10931 164 8232 
8409 11 553 
10613 169 8490 
10623 29 1488 
8964 34 1746 
9366 73 3653 
10706 50 2521 
9615 229 11457 
10478 62 3148 
10478 62 3150 
9223 42 2130 
9578 461 23100 
10523 289 14454 
9499 269 13476 
10356 26 1340 
10374 12 643 
8804 50 2523 
8804 57 2894 
8804 57 2900 
9615 254 12722 
9037 258 12932 
8537 274 13727 
9026 50 2537 
9273 178 8931 
10721 315 15763 
9108 2 115 
9678 31 1585 
10693 307 15369 
9243 137 6858 
10645 52 2639 
8471 256 12821 
9454 71 3551 
9682 1 90 
9444 22 1131 
9444 24 1244 
8919 42 2121 
10705 91 4579 
9608 118 5908 
9651 34 1703 
8836 64 3230 
8859 83 4196 
9158 108 5405 
10489 70 3510 
8476 117 5881 
9300 109 5474 
10772 127 6367 
8538 67 3397 
9344 105 5253 
10682 17 860 
8922 42 2103 
10545 155 7772 
10475 257 12897 
8794 29 1480 
9576 39 1956 
10665 44 2230 
9289 284 14223 
9427 200 10023 
10521 122 6116 
9649 124 6228 
10567 3 170 
10737 267 13366 
10906 11 594 
10484 94 4711 
10484 94 4715 
8899 333 16689 
8899 336 16843 
9249 260 13040 
8702 223 11190 
8436 36 1843 
9370 255 12766 
8975 38 1918 
10441 3 179 
8433 346 17304 
8759 221 11087 
9040 251 12600 
9750 4 210 
9750 6 348 
10631 57 2856 
9239 72 3608 
10756 299 14981 
9273 279 13973 
8796 118 5943 
9660 231 11559 
10584 176 8831 
10597 302 15107 
8687 129 6468 
10690 302 15150 
10772 103 5179 
10595 155 7766 
10569 74 3739 
10613 18 944 
9090 208 10409 
9290 69 3471 
10480 243 12158 
9545 263 13166 
9583 340 17047 
9594 8 449 
10700 58 2946 
10490 262 13118 
9579 234 11706 
10448 171 8589 
9636 2 137 
10696 208 10409 
8412 57 2892 
8958 76 3821 
8958 82 4111 
9586 119 5985 
9273 196 9836 
8440 34 1744 
9088 183 9155 
10884 290 14503 
8897 109 5464 
9040 326 16321 
9479 250 12545 
9679 224 11221 
9470 343 17152 
9472 8 411 
10578 29 1487 
10578 69 3490 
9369 6 308 
9570 183 9196 
9587 236 11808 
9241 162 8105 
10721 157 7868 
9523 110 5539 
10678 62 3104 
10724 96 4816 
8547 224 11233 
9578 228 11410 
9458 207 10366 
9660 42 2108 
9138 7 371 
9650 177 8883 
9717 112 5625 
10521 260 13048 
8959 154 7708 
9094 29 1454 
10791 46 2347 
9458 112 5609 
10584 71 3585 
9597 333 16680 
8423 18 939 
9481 255 12759 
9249 257 12898 
9063 312 15636 
9523 459 22974 
9523 460 23049 
8853 293 14691 
10601 74 3731 
8700 225 11265 
8700 227 11389 
8664 67 3399 
8853 336 16815 
10905 53 2669 
9435 83 4182 
8410 40 2010 
9386 30 1515 
10741 251 12573 
10565 46 2339 
10649 3 189 
9615 319 15974 
9678 82 4138 
8853 144 7248 
10355 256 12830 
10563 275 13761 
10683 335 16789 
8687 197 9882 
9348 147 7369 
9362 15 778 
10592 12 624 
11048 79 3982 
9060 78 3930 
10592 140 7010 
9356 216 10811 
10445 116 5848 
8966 0 13 
9096 222 11115 
9297 305 15259 
9618 341 17061 
10567 184 9250 
10716 19 969 
8537 254 12741 
9349 196 9802 
9586 583 29157 
9407 123 6188 
9650 316 15838 
10725 174 8712 
10725 216 10838 
10923 93 4691 
10491 51 2578 
9725 78 3931 
8791 49 2471 
8787 95 4768 
8691 96 4823 
8538 28 1429 
9087 35 1751 
9087 35 1773 
10502 86 4344 
10667 26 1314 
8979 1 66 
10750 52 2647 
10704 258 12905 
8738 39 1962 
9188 116 5828 
10533 103 5193 
10533 104 5234 
9273 257 12885 
10502 94 4712 
9002 227 11381 
9037 10 514 
9614 18 922 
9620 89 4479 
10437 120 6004 
10473 49 2493 
10682 36 1848 
10657 14 704 
8648 201 10076 
9395 336 16835 
9427 337 16893 
9668 201 10087 
10433 5 280 
10433 7 400 
8539 19 966 
8853 234 11736 
8853 239 11985 
8957 213 10685 
9033 278 13915 
9061 35 1759 
9225 6 304 
9336 86 4343 
10635 87 4362 
9063 168 8401 
9063 170 8511 
9347 162 8123 
10741 95 4773 
8434 55 2762 
8746 63 3151 
9576 491 24562 
9494 442 22135 
10689 21 1079 
10693 185 9272 
9535 122 6127 
9535 127 6366 
10729 33 1656 
8977 109 5480 
9231 18 935 
9288 4 226 
9601 219 10970 
9434 347 17374 
8413 106 5314 
8899 347 17365 
8413 130 6521 
9472 20 1045 
10732 78 3934 
8709 76 3802 
9377 43 2154 
10927 201 10085 
8546 9 463 
10520 181 9055 
10724 34 1735 
8648 302 15134 
10545 16 825 
9531 119 5979 
10521 118 5923 
10521 119 5960 
9007 34 1717 
9385 62 3137 
10799 117 5865 
10436 312 15610 
8683 198 9934 
9024 140 7026 
9060 128 6426 
10446 34 1709 
8680 177 8876 
9470 169 8452 
9470 170 8545 
10737 341 17057 
8894 10 521 
9049 147 7390 
8817 41 2056 
9288 64 3235 
9288 65 3254 
10745 154 7703 
9535 22 1122 
10538 56 2820 
10643 5 254 
10675 318 15937 
8885 125 6275 
10396 0 30 
10611 211 10583 
9297 141 7068 
10755 295 14799 
8668 25 1254 
9650 203 10153 
10693 312 15633 
10721 199 9983 
8751 139 6975 
9063 52 2640 
10445 150 7528 
9435 115 5796 
9448 13 689 
9448 14 727 
9064 328 16440 
10646 123 6153 
9063 272 13641 
9658 33 1681 
10714 83 4191 
9037 254 12747 
9706 73 3671 
8738 265 13293 
9065 46 2313 
9238 108 5425 
10700 62 3102 
9639 103 5184 
10929 121 6067 
8406 65 3268 
8964 146 7321 
8882 21 1091 
9628 30 1550 
10716 21 1080 
8804 32 1626 
8626 64 3208 
8794 107 5365 
10501 185 9270 
10501 186 9331 
10719 177 8900 
8465 240 12040 
9028 86 4335 
10481 22 1140 
8513 3 169 
8794 352 17639 
9404 155 7796 
10599 153 7673 
9208 67 3351 
9065 15 790 
10480 23 1167 
10371 13 682 
10795 278 13925 
9412 48 2413 
9592 73 3680 
9347 145 7281 
9682 353 17662 
9351 31 1575 
9545 182 9147 
8655 38 1946 
9592 266 13343 
9592 268 13430 
10390 38 1909 
9712 105 5272 
10432 215 10771 
10592 259 12993 
8893 179 8970 
9345 233 11677 
9618 355 17768 
9618 355 17795 
9580 7 384 
10591 67 3361 
10668 220 11032 
10705 117 5879 
8683 191 9597 
9504 14 701 
10471 16 839 
9682 210 10525 
10675 147 7354 
9448 64 3208 
10696 129 6459 
9282 47 2397 
9467 236 11814 
9615 139 6953 
9703 56 2827 
10830 66 3342 
9494 42 2105 
9668 143 7182 
9395 300 15007 
9519 1 87 
9533 167 8362 
10931 161 8068 
8742 238 11949 
10473 298 14907 
10445 236 11821 
9678 128 6435 
10773 151 7591 
9084 18 924 
8718 58 2922 
10436 44 2223 
8721 34 1729 
9545 264 13227 
9545 264 13247 
10520 64 3206 
8553 141 7089 
9208 176 8825 
9196 54 2708 
9651 205 10286 
9067 103 5186 
10449 321 16057 
8458 4 211 
8688 51 2576 
9559 11 577 
9559 11 586 
9608 98 4928 
8548 109 5464 
8712 18 931 
10704 226 11350 
11048 105 5298 
9068 191 9559 
9682 82 4119 
10610 27 1367 
10520 158 7939 
8589 103 5190 
9228 94 4720 
9704 227 11392 
8446 136 6825 
9008 58 2903 
10355 115 5753 
10892 13 687 
9669 289 14452 
8935 328 16449 
10685 119 5977 
9348 62 3103 
8889 47 2360 
8889 47 2392 
9511 599 29993 
10627 26 1331 
9385 3 175 
10445 164 8237 
8465 47 2355 
8510 56 2841 
9337 31 1571 
9589 50 2510 
8697 301 15074 
8762 250 12502 
8762 252 12611 
8806 47 2382 
9095 277 13866 
9215 47 2354 
10448 36 1849 
9336 57 2853 
8742 154 7706 
10530 74 3746 
8409 64 3250 
9304 99 4977 
8905 98 4950 
9727 7 389 
10475 118 5939 
10602 91 4575 
10931 48 2419 
9215 334 16727 
10613 179 8952 
8762 68 3419 
9523 688 34437 
9468 101 5051 
9230 26 1304 
8996 318 15950 
8795 10 514 
8878 22 1136 
9576 225 11260 
8996 30 1520 
9583 229 11494 
9583 231 11554 
10670 23 1163 
9095 96 4823 
9192 55 2779 
9366 153 7662 
10521 250 12532 
10521 251 12585 
9727 212 10645 
10442 290 14547 
9241 26 1325 
9681 35 1786 
10772 210 10523 
9750 72 3629 
10647 128 6413 
8518 37 1862 
8541 80 4031 
9030 4 225 
10432 80 4009 
8891 75 3763 
9681 113 5681 
9277 92 4631 
9570 234 11719 
10635 4 204 
9345 32 1630 
9534 173 8698 
9287 2 125 
10534 164 8250 
9308 40 2046 
9636 40 2026 
9435 36 1850 
10489 55 2758 
10434 117 5881 
9689 277 13879 
9458 177 8864 
8467 115 5757 
8666 70 3544 
10597 316 15802 
8959 155 7768 
9562 74 3706 
8917 307 15361 
8936 49 2459 
8907 150 7537 
10490 170 8509 
10490 170 8512 
9554 60 3045 
10382 16 804 
8862 258 12921 
9583 55 2760 
10436 43 2169 
10692 9 480 
9717 160 8004 
10546 45 2272 
10482 36 1836 
11048 107 5357 
9586 22 1109 
9434 141 7081 
10437 139 6976 
10689 46 2305 
8445 218 10908 
9690 2 141 
8719 226 11322 
8899 239 11999 
9299 234 11711 
10574 73 3681 
8886 36 1820 
10657 183 9164 
8939 3 193 
8754 149 7458 
8937 18 911 
9492 102 5126 
10437 132 6623 
9727 208 10445 
10547 109 5462 
9628 75 3790 
9445 217 10854 
9188 73 3665 
10490 242 12112 
9358 313 15664 
9267 43 2181 
10609 168 8445 
9216 41 2066 
10831 0 19 
8862 251 12563 
9492 7 361 
9579 293 14698 
8418 35 1785 
10593 195 9754 
9445 58 2947 
9348 70 3511 
9284 10 531 
9284 11 562 
8590 137 6856 
10473 317 15860 
10613 117 5873 
9425 19 992 
8553 179 8992 
8800 73 3687 
8800 74 3732 
8438 34 1744 
9535 261 13073 
9416 27 1372 
8744 23 1187 
10374 3 163 
10501 261 13090 
8465 87 4360 
9348 175 8769 
8861 71 3582 
9344 56 2826 
9434 111 5578 
9499 91 4557 
9245 168 8440 
10704 209 10499 
8894 143 7164 
10578 277 13860 
9675 81 4073 
10584 148 7419 
8747 138 6924 
8804 83 4179 
8804 84 4239 
9065 129 6492 
9245 171 8591 
9196 132 6623 
9675 129 6466 
10649 76 3811 
9327 24 1210 
9336 303 15154 
9486 175 8796 
8918 307 15398 
9717 205 10288 
8813 133 6673 
10491 71 3598 
10491 72 3630 
9325 13 665 
9377 59 2974 
10567 19 953 
9214 132 6601 
9215 278 13919 
9559 205 10281 
8882 21 1053 
8547 23 1172 
10355 300 15033 
9470 72 3613 
8529 299 14957 
10362 65 3294 
10633 28 1412 
8719 112 5611 
8748 25 1264 
9358 186 9327 
9358 186 9328 
9277 128 6423 
8762 69 3490 
9703 17 864 
9313 48 2435 
9472 78 3929 
10796 234 11729 
9617 258 12928 
10595 3 169 
10574 189 9493 
9765 31 1571 
9765 32 1622 
10533 58 2909 
10635 32 1637 
8547 282 14132 
8547 283 14158 
9241 113 5660 
10613 95 4760 
8897 117 5857 
9075 251 12559 
9366 99 4956 
10690 206 10302 
10574 136 6824 
10606 24 1243 
8719 62 3113 
10602 45 2273 
8873 94 4737 
8936 81 4070 
8935 141 7077 
9535 423 21199 
9444 14 710 
9037 265 13267 
8841 9 488 
8537 227 11355 
8590 244 12228 
8762 60 3003 
9617 138 6913 
10386 112 5618 
10790 29 1491 
9684 85 4282 
9706 143 7167 
8918 66 3317 
9066 65 3281 
8462 40 2002 
8959 204 10206 
9531 408 20406 
10645 101 5086 
10441 190 9508 
8436 1 88 
10442 243 12159 
10784 51 2567 
8853 293 14676 
9362 132 6648 
10643 7 387 
11026 9 470 
8702 186 9344 
9194 33 1670 
9587 542 27122 
10501 142 7133 
8736 101 5067 
10708 77 3851 
8977 210 10536 
8510 51 2569 
9439 74 3715 
9670 29 1470 
10635 116 5831 
9297 299 14978 
8590 114 5724 
9678 91 4587 
9201 158 7901 
8804 137 6867 
8908 169 8471 
8695 71 3581 
8776 61 3084 
9247 68 3427 
9536 44 2219 
8470 31 1590 
9208 181 9069 
9749 12 619 
10710 30 1515 
8860 108 5446 
9617 108 5429 
9620 54 2712 
8473 136 6807 
10660 176 8820 
8418 61 3065 
8668 157 7864 
9656 167 8391 
9650 32 1626 
9650 49 2469 
9576 436 21844 
8918 186 9316 
8677 20 1007 
8677 22 1137 
9407 204 10201 
9538 211 10563 
9538 257 12865 
9538 257 12894 
9538 263 13166 
9576 49 2495 
9049 154 7716 
9313 108 5437 
8553 21 1068 
8553 21 1098 
8897 20 1021 
9627 34 1701 
8446 81 4073 
9649 59 2990 
9523 455 22800 
9523 461 23083 
9639 96 4846 
9482 118 5946 
8797 19 978 
10849 156 7838 
9394 109 5463 
8935 247 12373 
8424 4 225 
10560 19 999 
8539 169 8468 
10578 47 2397 
10647 30 1543 
9726 45 2298 
9726 46 2325 
10712 298 14945 
9080 58 2915 
9297 147 7391 
10575 22 1111 
10307 84 4205 
10490 332 16610 
9295 56 2841 
10581 123 6169 
9523 535 26757 
9586 526 26335 
9684 57 2900 
9321 7 387 
9637 256 12814 
9684 141 7077 
8690 54 2738 
9195 350 17501 
10540 123 6157 
9411 12 650 
10442 124 6230 
10447 70 3539 
9529 632 31633 
8995 180 9003 
8700 45 2279 
8964 159 7973 
9354 30 1507 
9001 92 4618 
10597 105 5284 
9085 173 8698 
10491 60 3005 
9637 218 10901 
9615 190 9525 
8754 88 4429 
9602 409 20488 
8465 233 11681 
9706 161 8074 
10563 314 15749 
10668 306 15343 
9345 209 10457 
9345 210 10508 
9336 224 11202 
9024 96 4836 
10439 51 2593 
10581 99 4975 
9394 200 10037 
8562 6 347 
9542 76 3812 
9750 88 4437 
10574 101 5057 
9702 136 6850 
10490 349 17474 
10574 21 1099 
9584 64 3237 
9584 64 3243 
9239 224 11244 
8699 34 1748 
10449 242 12134 
8691 193 9676 
9347 175 8792 
9482 13 654 
10725 138 6911 
9444 271 13575 
10716 318 15931 
8531 0 44 
9407 139 6966 
9572 93 4658 
8411 34 1725 
8411 37 1888 
10478 20 1038 
10504 354 17717 
8813 33 1687 
9660 79 3989 
9437 205 10291 
9656 198 9915 
8537 145 7257 
8445 93 4685 
10569 51 2592 
10625 100 5009 
10441 230 11531 
10518 33 1674 
9095 296 14827 
9564 599 29997 
8908 305 15275 
9586 515 25790 
10774 8 422 
9281 231 11570 
9523 460 23022 
9567 369 18490 
9360 12 613 
10537 105 5289 
10504 281 14093 
9546 182 9131 
8656 49 2463 
10836 74 3710 
10836 76 3831 
10583 20 1035 
9096 245 12295 
10584 162 8132 
9435 183 9196 
8810 43 2195 
8471 239 11976 
8702 225 11268 
9569 177 8875 
9085 115 5780 
9651 225 11283 
9007 59 2985 
9030 140 7049 
10646 88 4410 
9620 236 11831 
10724 37 1888 
10987 90 4544 
10874 19 969 
10874 19 982 
10382 115 5775 
9597 130 6512 
8580 46 2350 
8580 47 2374 
9095 144 7204 
9095 151 7571 
9767 16 818 
9040 153 7673 
9202 13 654 
9023 131 6555 
9546 89 4489 
8862 282 14106 
9602 351 17567 
10521 275 13768 
10597 175 8770 
8720 35 1800 
8720 36 1836 
8687 197 9882 
10307 31 1590 
9241 136 6804 
9096 75 3753 
9579 254 12712 
8538 208 10409 
10672 8 437 
8471 136 6850 
10501 264 13246 
8977 36 1811 
10745 234 11707 
9395 206 10301 
8668 154 7723 
10448 58 2906 
10721 31 1560 
9563 516 25820 
10500 3 179 
10500 4 239 
10568 26 1330 
10568 27 1377 
8648 186 9344 
9345 327 16384 
10743 65 3286 
10755 119 5963 
9726 146 7350 
8412 14 732 
9191 225 11291 
8406 110 5531 
9473 117 5885 
10674 2 141 
9473 56 2830 
10710 54 2712 
9241 29 1491 
10483 96 4834 
8709 64 3206 
9085 71 3586 
8589 263 13152 
9595 29 1457 
10571 16 838 
9461 231 11566 
9639 198 9927 
9651 294 14730 
10693 274 13734 
9188 144 7219 
10581 91 4594 
10894 61 3080 
9563 617 30872 
10471 57 2851 
9656 122 6149 
9056 3 171 
10937 60 3042 
9716 29 1463 
8409 84 4210 
9500 307 15353 
9470 288 14429 
10505 62 3139 
8590 66 3340 
8590 67 3361 
9447 19 985 
9632 121 6055 
9632 122 6102 
10471 210 10503 
8664 96 4813 
10952 48 2433 
8972 72 3646 
9602 304 15208 
9523 560 28008 
8921 28 1418 
8764 120 6047 
8473 154 7737 
8566 63 3178 
9321 89 4500 
8708 147 7374 
8800 6 343 
9658 37 1856 
9658 39 1965 
9385 180 9008 
9340 61 3078 
10551 172 8634 
9332 11 570 
9660 16 828 
9660 19 974 
8587 36 1844 
10382 15 775 
10624 90 4539 
8987 61 3093 
10441 331 16590 
10517 100 5019 
8702 44 2232 
9297 83 4157 
9589 16 846 
9374 5 271 
10610 99 4985 
8708 124 6227 
8666 246 12335 
8764 41 2066 
9310 77 3859 
8861 37 1859 
8420 6 343 
9535 26 1350 
10660 1 63 
8724 11 575 
9037 39 1993 
9289 5 284 
9660 34 1742 
10471 5 273 
8413 183 9198 
9064 118 5926 
9024 127 6373 
9722 2 123 
9722 2 138 
10800 91 4571 
8690 8 427 
8543 2 132 
9372 187 9372 
9372 189 9484 
8941 6 337 
10719 3 176 
10635 81 4072 
9679 208 10410 
8799 160 8045 
10382 62 3146 
10762 70 3510 
10436 183 9188 
10436 203 10197 
9205 166 8307 
9273 28 1414 
8660 64 3220 
10592 234 11744 
10386 144 7207 
8905 44 2231 
9288 78 3925 
9594 59 2975 
10478 5 275 
8836 62 3144 
10567 310 15531 
10928 158 7906 
10700 255 12768 
9275 54 2746 
10481 90 4539 
8590 8 410 
9470 280 14021 
9358 106 5312 
10737 111 5596 
9308 8 409 
8423 10 526 
9470 135 6786 
10750 5 257 
10720 71 3590 
10720 75 3773 
8460 130 6537 
9232 61 3060 
8648 104 5203 
8648 104 5250 
10656 93 4697 
9064 262 13122 
8514 118 5926 
9563 289 14462 
8799 33 1700 
8746 91 4580 
8411 61 3068 
10645 31 1562 
9619 149 7473 
9720 132 6619 
10665 288 14433 
8538 91 4573 
8708 148 7418 
8708 149 7483 
9379 233 11690 
9669 57 2853 
9379 7 366 
8919 144 7213 
10733 80 4006 
8903 69 3462 
8616 177 8877 
8680 189 9464 
8771 166 8341 
8666 70 3502 
9088 9 455 
10567 225 11269 
8590 63 3166 
8475 89 4475 
9586 370 18510 
10534 290 14530 
10793 71 3567 
9678 45 2254 
9080 142 7103 
9080 144 7227 
9340 33 1653 
8804 69 3493 
9240 50 2543 
9470 329 16499 
9515 54 2722 
9515 593 29690 
9208 338 16923 
10873 106 5341 
8476 122 6101 
9674 0 48 
9061 181 9053 
8899 239 11989 
8646 65 3283 
10665 165 8297 
9527 370 18505 
10667 59 2952 
10773 5 271 
10773 5 274 
10436 183 9175 
9515 355 17757 
9311 167 8379 
9358 44 2248 
9470 53 2682 
8661 65 3260 
9158 11 583 
8751 72 3648 
8751 73 3667 
9377 76 3807 
9597 46 2318 
10449 9 497 
8711 105 5264 
9512 288 14433 
10969 123 6179 
10442 54 2716 
10687 150 7529 
10520 137 6899 
9038 3 198 
9038 7 367 
8621 39 1999 
9238 190 9528 
9372 181 9052 
10923 178 8938 
9603 64 3202 
10608 122 6144 
10482 28 1450 
10597 97 4867 
9695 3 185 
9597 122 6115 
9243 102 5148 
10502 140 7008 
10502 189 9456 
10491 55 2761 
9658 221 11080 
9438 67 3351 
8885 165 8254 
9603 552 27626 
8539 229 11472 
10658 18 924 
10567 308 15422 
10649 67 3359 
8413 243 12194 
9395 297 14889 
8510 35 1780 
8907 223 11155 
8538 133 6666 
9681 119 5960 
10704 124 6221 
9308 86 4337 
10432 232 11650 
10441 9 483 
10690 66 3346 
10712 237 11881 
10687 167 8357 
8677 67 3394 
8908 151 7568 
9675 153 7680 
9717 30 1523 
8465 304 15241 
8903 19 980 
9427 249 12486 
10563 254 12742 
8666 126 6322 
10707 25 1275 
10755 265 13260 
9064 65 3288 
9444 238 11901 
8495 78 3936 
8894 171 8570 
9694 25 1252 
10521 266 13309 
10434 91 4556 
8448 30 1550 
10689 19 966 
10689 19 993 
10574 298 14915 
10624 140 7029 
10624 141 7057 
10561 74 3735 
9022 106 5336 
9336 294 14715 
9336 297 14893 
9196 116 5846 
8769 314 15728 
9421 40 2041 
9653 156 7842 
10602 172 8644 
9590 390 19529 
9239 59 2954 
9242 95 4752 
9636 48 2449 
9094 37 1855 
9056 39 1983 
8470 25 1258 
8789 69 3464 
9201 30 1529 
8927 57 2873 
10354 11 556 
9427 116 5821 
10379 114 5749 
8857 246 12345 
8954 62 3143 
9281 188 9440 
9281 205 10255 
10504 294 14721 
10654 50 2506 
9062 12 649 
8590 229 11484 
10666 127 6391 
10501 61 3075 
9682 122 6111 
10386 20 1029 
10704 126 6345 
10480 167 8382 
9669 254 12736 
8857 49 2478 
10666 98 4937 
9533 170 8540 
10712 87 4359 
10355 28 1406 
10836 15 793 
10869 40 2004 
10516 80 4041 
10516 82 4115 
9704 170 8523 
8917 204 10228 
9512 161 8087 
9543 104 5233 
9341 71 3597 
9030 55 2793 
9030 56 2829 
9655 13 680 
8853 171 8565 
10644 0 40 
10719 206 10349 
8562 133 6671 
8562 136 6826 
9706 149 7472 
9437 105 5292 
9658 274 13746 
9689 250 12504 
10657 0 37 
9375 69 3471 
10745 168 8426 
8759 176 8806 
8691 149 7490 
9284 69 3487 
10829 25 1268 
10480 51 2566 
8920 53 2698 
8920 55 2754 
9316 24 1201 
9497 73 3651 
9497 78 3909 
8695 51 2571 
9721 25 1299 
10610 18 944 
9301 84 4242 
8578 101 5056 
9385 170 8503 
10481 33 1665 
9682 178 8949 
9427 79 3970 
10712 125 6251 
8857 84 4205 
10595 49 2489 
10654 30 1504 
9087 52 2624 
9035 0 23 
8406 28 1403 
8618 14 715 
10516 48 2421 
9650 324 16232 
9650 325 16284 
8427 107 5375 
10442 278 13908 
9567 444 22229 
8537 306 15327 
8750 121 6065 
9085 136 6802 
9375 64 3222 
10672 119 5975 
8590 49 2482 
8504 61 3070 
10383 41 2091 
9593 111 5590 
9002 150 7532 
9608 174 8730 
8682 89 4500 
10438 81 4054 
8908 193 9667 
9587 412 20646 
10439 43 2170 
8455 73 3686 
9194 31 1578 
9060 11 593 
8784 88 4427 
10532 50 2535 
8514 74 3737 
10592 236 11840 
8893 31 1556 
9191 192 9620 
9620 187 9395 
10574 49 2476 
10529 221 11075 
10660 146 7307 
10660 147 7365 
9037 246 12334 
8546 88 4403 
10519 64 3236 
8750 115 5771 
9404 139 6960 
9096 18 913 
9594 180 9037 
8893 255 12799 
9535 355 17752 
8934 66 3334 
9327 24 1210 
10606 32 1624 
9090 256 12805 
10696 223 11196 
10563 324 16241 
8537 220 11029 
9621 61 3076 
9457 184 9245 
9457 187 9354 
9238 15 781 
8626 59 2987 
9385 148 7448 
9457 102 5138 
9457 143 7156 
10745 220 11034 
10530 320 16029 
9336 132 6623 
9527 305 15276 
9191 112 5628 
9243 137 6874 
9063 127 6354 
9273 125 6265 
10702 19 983 
8546 32 1634 
9386 157 7890 
10724 30 1540 
9500 251 12586 
10597 203 10162 
9266 33 1680 
9434 349 17483 
10523 219 10989 
9499 200 10009 
9563 309 15480 
8548 161 8091 
9511 206 10326 
9511 207 10395 
10663 8 408 
8409 1 67 
10382 10 507 
10630 57 2869 
9632 15 786 
8891 23 1171 
9482 148 7414 
9289 158 7914 
8907 195 9766 
9347 84 4203 
9427 110 5504 
10374 0 24 
10374 1 93 
10670 10 522 
11005 17 879 
8539 236 11850 
9523 10 512 
10810 136 6814 
8964 53 2699 
9321 66 3347 
10480 253 12669 
10580 146 7311 
10696 36 1836 
8859 98 4931 
8859 98 4941 
9317 2 125 
10721 213 10654 
10624 209 10465 
8971 57 2883 
8971 59 2995 
8460 93 4660 
8799 70 3520 
10574 309 15474 
8893 72 3604 
9445 243 12189 
9634 5 282 
9634 5 284 
9305 107 5396 
10755 323 16189 
9601 381 19095 
9073 21 1072 
10696 319 15994 
9620 6 330 
9247 71 3593 
8414 16 809 
9289 309 15453 
9297 274 13742 
9498 193 9661 
10584 281 14090 
10716 45 2256 
9689 322 16101 
10716 319 15985 
9009 201 10077 
9682 133 6679 
10490 288 14424 
9558 70 3502 
9558 74 3712 
10630 4 250 
10697 131 6558 
10750 42 2101 
8434 24 1201 
8814 52 2625 
9379 22 1112 
9379 24 1208 
9067 39 1981 
9287 109 5496 
9531 3 160 
8553 306 15307 
8446 143 7194 
9678 155 7781 
9228 74 3736 
9319 79 3994 
8620 26 1341 
9602 483 24181 
9618 16 806 
9511 222 11142 
10654 199 9973 
10660 75 3771 
10612 90 4546 
8648 179 8994 
9564 24 1216 
8919 19 989 
8434 24 1249 
9592 30 1549 
10436 277 13887 
10578 253 12683 
10786 53 2663 
9370 347 17382 
8427 168 8426 
9472 242 12106 
10562 36 1805 
8807 133 6682 
8807 134 6711 
8807 134 6725 
9564 1 99 
8934 154 7719 
10741 125 6270 
9726 12 605 
10700 206 10302 
9650 312 15619 
9327 28 1423 
10610 85 4281 
10737 13 690 
10307 131 6587 
10846 183 9193 
9619 141 7091 
8862 178 8916 
10940 90 4531 
10645 216 10821 
10520 284 14202 
8675 101 5084 
9050 2 148 
9412 123 6171 
9561 36 1847 
9561 37 1872 
9561 38 1908 
10563 50 2547 
9660 169 8461 
10625 41 2085 
10432 82 4123 
8878 24 1227 
10357 2 126 
9726 115 5799 
9726 117 5858 
9726 118 5919 
8889 134 6701 
10478 36 1811 
8964 151 7587 
10433 49 2482 
10824 47 2400 
9437 172 8628 
9479 255 12754 
9349 129 6479 
9349 129 6484 
9366 66 3310 
9473 15 786 
10700 209 10462 
8695 78 3949 
8531 8 416 
8454 3 177 
9023 132 6621 
9298 125 6300 
9535 551 27554 
10760 120 6004 
10529 267 13376 
8972 12 639 
8666 130 6538 
9307 78 3924 
9320 2 147 
10308 43 2183 
10501 286 14329 
9567 114 5723 
10491 87 4372 
8704 117 5874 
8416 2 111 
9299 129 6463 
8648 314 15725 
10478 94 4745 
8897 34 1739 
9488 150 7535 
8769 129 6453 
9445 234 11732 
9433 82 4103 
8680 0 39 
9037 41 2066 
9675 28 1432 
9656 88 4402 
8918 114 5744 
10551 30 1539 
10551 46 2305 
9546 130 6532 
8541 104 5227 
8541 107 5372 
8794 250 12508 
9231 2 132 
8413 166 8347 
9336 80 4015 
9356 169 8473 
9482 133 6663 
8476 49 2466 
10502 109 5497 
8664 158 7949 
9087 35 1775 
8492 17 880 
8498 13 698 
9656 102 5137 
9621 18 909 
8547 149 7481 
8972 23 1196 
10434 54 2727 
8529 79 3983 
9321 144 7226 
10442 95 4777 
10432 298 14933 
10883 207 10386 
9037 233 11657 
9340 180 9039 
9669 229 11484 
9375 3 192 
10613 49 2465 
8806 1 64 
9675 26 1349 
10974 122 6123 
10356 12 631 
10834 133 6693 
9067 151 7571 
9144 139 6996 
9005 18 945 
9249 163 8184 
9249 165 8254 
10883 92 4612 
9515 574 28741 
9515 575 28760 
8687 317 15864 
8578 7 395 
8941 86 4332 
8410 53 2692 
8996 55 2770 
8882 3 186 
8433 23 1195 
10390 41 2096 
10578 93 4696 
9319 29 1465 
8796 169 8476 
10931 62 3111 
9287 85 4270 
9299 119 5961 
9561 98 4921 
10755 226 11311 
9206 37 1863 
9590 139 6966 
9203 14 712 
8806 170 8516 
10530 41 2074 
10530 26 1324 
9434 49 2480 
10657 49 2469 
10591 137 6852 
10654 264 13222 
8695 81 4068 
9535 356 17828 
9571 16 835 
9277 13 670 
8975 110 5548 
9288 89 4488 
9649 98 4924 
8719 248 12418 
8759 5 254 
8759 5 268 
8627 4 232 
9559 180 9011 
9559 180 9037 
10657 90 4524 
9519 148 7450 
9325 56 2811 
10745 177 8876 
8409 103 5159 
9463 49 2465 
9660 1 73 
10685 18 942 
10940 17 894 
9679 120 6002 
9079 20 1029 
9682 108 5425 
8589 142 7123 
8589 261 13076 
9620 126 6340 
8648 4 212 
9523 580 29010 
9236 12 627 
10480 122 6115 
10630 57 2864 
9349 217 10896 
