Run Subrun Event
8321 1950 97541 
8404 627 31372 
8404 784 39237 
8404 2045 102294 
8336 58 2905 
8321 2102 105133 
8348 613 30679 
8404 313 15691 
8404 110 5549 
8404 2326 116317 
8321 409 20477 
8321 1158 57911 
10558 0 29 
9510 237 11856 
9281 1 82 
10729 40 2013 
10729 56 2820 
8754 114 5745 
10824 12 618 
10824 98 4923 
10747 123 6170 
9614 37 1863 
9543 60 3030 
10834 126 6333 
10504 335 16776 
9458 89 4470 
8540 2 135 
9072 62 3121 
9072 95 4776 
8660 28 1434 
9210 173 8692 
9081 101 5083 
8762 177 8885 
8707 16 829 
8707 28 1448 
8707 31 1600 
9583 401 20058 
9336 199 9959 
8799 3 183 
11030 79 4000 
10654 46 2303 
10654 48 2410 
9308 99 4978 
9650 62 3141 
8807 148 7406 
10800 29 1495 
9601 96 4838 
8908 143 7157 
9039 5 293 
10897 106 5332 
9472 208 10446 
9472 214 10705 
8958 41 2060 
10929 31 1552 
10667 27 1389 
10667 28 1406 
10747 173 8691 
10952 77 3894 
8855 60 3045 
9423 29 1455 
9423 194 9748 
10990 71 3594 
8787 1 95 
8427 175 8771 
8427 249 12466 
8427 259 12971 
9523 300 15019 
9523 404 20215 
8578 8 422 
8578 59 2973 
9088 13 653 
8769 67 3367 
8769 283 14164 
8776 133 6655 
9191 202 10101 
9191 280 14006 
9217 83 4179 
9217 84 4207 
9217 135 6799 
10714 28 1420 
9603 471 23581 
9195 128 6405 
9195 199 9977 
10634 38 1927 
10634 207 10387 
10888 111 5572 
8413 249 12495 
9218 0 40 
9341 284 14246 
8762 136 6828 
10551 20 1035 
10675 183 9161 
10675 326 16340 
10884 124 6227 
10884 315 15782 
10922 140 7047 
10729 76 3828 
9210 220 11019 
9002 158 7935 
9002 158 7944 
8693 16 850 
8786 48 2430 
10735 40 2002 
8742 60 3014 
9208 0 7 
9208 149 7471 
8705 59 2974 
9035 85 4281 
11045 36 1827 
11045 69 3467 
9311 46 2312 
9311 62 3109 
9311 112 5631 
8701 4 234 
8460 168 8401 
8794 12 610 
10906 36 1832 
10906 289 14481 
11001 5 262 
10905 53 2652 
10905 64 3210 
10905 124 6240 
10905 151 7594 
10848 40 2038 
10924 101 5082 
9480 100 5006 
9364 35 1769 
9576 400 20024 
9511 18 932 
10761 95 4791 
8680 119 5955 
8680 266 13337 
9494 610 30527 
10937 62 3132 
10830 125 6259 
8764 194 9741 
8764 292 14610 
8957 214 10739 
9590 261 13098 
9590 461 23085 
9712 82 4141 
9712 123 6180 
9280 67 3353 
8750 2 103 
8750 2 130 
8750 304 15214 
10696 164 8218 
10787 17 899 
8976 21 1095 
8553 13 667 
8553 238 11912 
8553 240 12011 
8553 294 14734 
8994 126 6341 
8860 0 2 
10594 5 254 
10594 8 437 
8921 75 3800 
9529 390 19549 
9529 622 31146 
9008 42 2131 
10850 59 2954 
10850 209 10498 
10601 103 5172 
11005 6 341 
9467 174 8740 
9494 160 8014 
9494 507 25357 
9370 9 451 
9378 23 1155 
8686 17 853 
8441 208 10432 
8804 97 4858 
8804 168 8421 
9008 93 4684 
10906 185 9253 
10906 232 11625 
10906 312 15607 
9319 54 2738 
10885 6 327 
10885 7 362 
10885 7 386 
9095 178 8916 
10936 44 2206 
10898 4 220 
10840 93 4657 
9225 94 4703 
8700 228 11419 
10520 135 6799 
9407 346 17349 
10574 274 13744 
9416 29 1489 
8786 100 5047 
8735 127 6385 
9094 34 1750 
9369 2 150 
10857 71 3589 
10857 153 7672 
8750 192 9640 
10648 50 2545 
10648 189 9471 
9684 167 8393 
8697 54 2749 
9597 279 13951 
9063 219 10956 
8617 28 1432 
8617 69 3497 
9591 152 7602 
8571 45 2268 
9704 120 6034 
9285 124 6237 
9285 135 6759 
10901 121 6091 
10901 132 6614 
9090 251 12565 
8960 76 3816 
10562 91 4579 
8646 131 6553 
9651 93 4680 
9651 174 8717 
9651 272 13644 
10849 162 8132 
10745 194 9716 
9269 6 327 
9346 48 2421 
8807 89 4500 
8646 102 5141 
8660 11 554 
9080 16 811 
9080 109 5494 
10690 160 8005 
9230 71 3573 
10599 79 3963 
10888 160 8029 
10523 174 8723 
10523 270 13539 
9358 127 6397 
9358 246 12342 
9423 35 1762 
10545 108 5409 
8888 51 2595 
10490 250 12546 
10796 134 6729 
10796 185 9273 
9458 196 9817 
10834 38 1904 
10834 278 13929 
10834 298 14948 
10648 139 6967 
8691 10 512 
8691 71 3583 
10796 224 11241 
9008 153 7684 
8905 112 5637 
8905 296 14812 
8672 38 1930 
10831 80 4022 
8666 81 4078 
8578 178 8942 
9066 61 3067 
9088 37 1889 
10972 76 3847 
8666 158 7906 
8666 234 11748 
9658 151 7581 
9085 190 9525 
9245 107 5380 
10795 99 4955 
10658 16 813 
8445 96 4849 
8957 24 1234 
8936 304 15246 
9022 107 5362 
8979 2 117 
10635 230 11518 
9505 158 7945 
8794 59 2980 
8431 23 1195 
8431 74 3704 
11048 6 346 
10928 36 1808 
9033 156 7836 
9033 196 9836 
10923 283 14153 
9095 80 4031 
10666 90 4501 
8989 65 3281 
8989 105 5277 
8989 115 5776 
9366 43 2167 
10804 63 3169 
8987 62 3147 
9534 135 6787 
9534 138 6918 
8683 220 11011 
9492 120 6010 
9636 93 4699 
10538 6 337 
10538 99 4956 
8906 66 3304 
10700 89 4472 
10665 140 7008 
10862 6 346 
8893 190 9512 
9433 3 168 
9433 39 1979 
9433 74 3723 
10669 126 6313 
9386 4 208 
10845 87 4383 
8876 62 3149 
9243 0 17 
9289 83 4152 
9289 173 8678 
8987 114 5727 
8987 121 6085 
9406 23 1155 
9617 69 3463 
10798 43 2197 
8902 38 1926 
9453 43 2153 
8964 5 290 
8964 186 9314 
9386 151 7563 
9386 227 11379 
8409 96 4823 
9195 334 16727 
9205 157 7873 
8923 3 199 
8923 59 2971 
9395 294 14706 
9395 306 15315 
9383 6 314 
8796 252 12611 
9597 262 13140 
8762 195 9799 
9511 205 10287 
9511 242 12129 
8964 122 6101 
9570 337 16879 
10771 142 7120 
8974 43 2187 
8589 125 6293 
9510 186 9326 
9510 424 21223 
10593 338 16909 
10668 180 9046 
10884 92 4638 
10953 35 1787 
10893 6 350 
8441 8 447 
8441 58 2936 
8441 81 4076 
8441 174 8725 
8687 85 4296 
8687 122 6122 
8878 37 1865 
9649 147 7369 
9649 150 7510 
8468 17 865 
8810 45 2270 
8736 81 4090 
10771 94 4711 
9458 148 7436 
10864 3 153 
10580 150 7505 
9435 97 4879 
8719 20 1024 
9526 281 14080 
9526 469 23462 
9564 297 14874 
9483 1 52 
9677 10 513 
9205 317 15884 
8908 39 1955 
9516 356 17828 
9516 403 20169 
10599 135 6756 
9592 317 15853 
8795 24 1225 
9065 128 6439 
8548 107 5358 
8548 144 7207 
9300 201 10097 
9479 184 9211 
9479 251 12580 
10771 210 10546 
9538 522 26111 
10610 229 11485 
10558 8 447 
9437 327 16368 
9527 161 8095 
9515 47 2371 
9515 590 29545 
8927 115 5762 
8990 174 8722 
9289 149 7463 
10937 6 338 
10937 57 2853 
9358 213 10663 
9370 90 4544 
9370 134 6735 
8771 88 4422 
8771 224 11249 
10845 133 6688 
9079 72 3610 
9250 46 2322 
9238 22 1146 
9238 219 10972 
9618 23 1187 
9064 167 8351 
10848 44 2216 
8549 144 7211 
10646 35 1763 
8885 12 646 
9033 80 4050 
10974 56 2803 
10974 95 4785 
9392 43 2187 
10747 7 379 
10782 20 1008 
10782 24 1235 
8438 26 1333 
8438 30 1546 
10593 40 2048 
9553 42 2125 
10760 60 3011 
10760 254 12749 
8868 39 1992 
10991 15 769 
8661 17 899 
9089 50 2522 
8738 54 2719 
10929 0 4 
10929 0 26 
9344 12 632 
10939 25 1285 
9639 95 4764 
8683 48 2431 
10937 12 622 
8934 21 1057 
10848 98 4935 
10848 179 8981 
10848 197 9874 
10761 87 4390 
10761 156 7802 
10910 83 4152 
9444 336 16802 
9412 63 3200 
9482 152 7611 
8935 246 12304 
9289 352 17625 
9068 114 5740 
8748 122 6101 
9249 215 10761 
9510 408 20448 
9488 139 6952 
9488 139 6983 
9093 1 82 
8784 138 6932 
8931 37 1851 
8876 34 1724 
8876 164 8215 
8680 94 4721 
10856 58 2950 
8776 26 1317 
8996 57 2854 
8996 168 8413 
10706 30 1509 
9394 251 12562 
8746 109 5488 
8814 72 3632 
9578 60 3021 
8430 96 4850 
8430 112 5637 
10654 37 1883 
11039 28 1411 
11039 76 3827 
11039 95 4780 
11039 111 5575 
11039 141 7081 
10687 89 4482 
10874 67 3379 
10688 74 3748 
10688 85 4272 
10688 235 11771 
11036 3 168 
9362 100 5003 
9465 12 603 
9727 22 1108 
8748 22 1121 
9579 107 5363 
8928 48 2443 
9669 197 9852 
9304 30 1528 
10963 11 553 
8714 5 257 
8714 88 4404 
8714 115 5764 
9649 179 8990 
9583 312 15635 
9583 586 29314 
10704 61 3085 
9233 13 698 
9670 111 5557 
9670 134 6747 
8546 23 1164 
10994 118 5901 
9539 86 4303 
8799 14 733 
10940 5 284 
9708 29 1455 
8697 327 16360 
10746 6 341 
8902 36 1826 
9002 133 6660 
8975 114 5745 
9442 71 3575 
9442 75 3799 
9442 178 8939 
10625 321 16096 
9457 175 8793 
10873 142 7103 
8418 23 1168 
10744 85 4261 
10788 54 2743 
9751 21 1063 
9726 306 15303 
9349 14 723 
10969 155 7767 
9215 276 13833 
9215 285 14259 
9037 96 4811 
9037 147 7373 
9726 124 6219 
10672 79 3983 
8750 261 13074 
8810 30 1534 
9208 38 1906 
9208 333 16665 
9208 356 17809 
9639 125 6252 
9464 25 1255 
8578 28 1403 
8882 58 2934 
9444 111 5585 
8936 170 8505 
9710 79 3986 
9345 327 16387 
8990 189 9489 
11041 103 5196 
9205 125 6298 
9499 345 17253 
9454 92 4639 
9035 162 8136 
10771 219 10983 
9481 203 10160 
9481 254 12748 
9481 291 14591 
8465 223 11163 
8708 229 11463 
8410 215 10753 
10693 281 14069 
9542 12 612 
9542 44 2223 
8860 86 4317 
8860 94 4731 
8412 55 2754 
8413 31 1575 
9191 154 7703 
8918 317 15854 
10569 81 4058 
10569 154 7740 
9201 155 7776 
8547 280 14040 
8547 287 14355 
9238 15 786 
9238 124 6231 
10694 219 10962 
8958 34 1741 
8958 86 4324 
9329 127 6386 
9329 133 6681 
8619 7 366 
11042 0 23 
11042 31 1593 
9207 9 470 
9207 89 4459 
10690 13 683 
10690 44 2224 
10690 183 9198 
9347 150 7541 
9347 174 8707 
9349 19 954 
9325 140 7043 
11041 15 788 
11041 43 2200 
11041 153 7651 
10645 218 10920 
10645 280 14018 
10716 202 10137 
9577 51 2583 
10608 14 713 
10608 80 4038 
9324 23 1185 
8714 143 7165 
10704 239 11982 
9427 16 824 
9632 68 3421 
8470 13 662 
8470 21 1054 
8470 39 1968 
8677 54 2705 
8996 99 4955 
9467 274 13736 
8936 4 201 
8813 139 6956 
10788 22 1111 
8434 111 5556 
8963 133 6687 
9554 36 1832 
10923 219 10952 
10923 313 15652 
10923 75 3765 
10923 141 7062 
8855 7 399 
8855 25 1255 
8855 28 1404 
8705 84 4239 
9435 168 8410 
9761 18 913 
9338 220 11011 
9338 350 17503 
10857 228 11404 
9425 28 1419 
9319 24 1219 
9072 88 4403 
8445 190 9520 
8879 3 166 
8754 76 3820 
9375 31 1587 
11045 101 5063 
9741 11 598 
9024 41 2085 
9024 98 4935 
8885 194 9705 
8711 33 1699 
8931 81 4057 
8931 133 6692 
8931 141 7097 
9255 45 2252 
9512 573 28659 
9632 63 3168 
10523 254 12727 
9584 20 1015 
9472 78 3948 
10649 68 3413 
10649 202 10115 
10970 30 1517 
8917 272 13640 
9653 285 14298 
9538 118 5903 
9538 249 12469 
9538 410 20541 
9538 559 27981 
9301 54 2718 
10592 70 3511 
9067 36 1812 
8999 2 104 
8471 312 15644 
10597 266 13311 
9511 688 34440 
9615 29 1486 
9615 199 9975 
10994 110 5506 
8620 15 794 
8890 15 776 
9653 133 6651 
9653 330 16513 
10608 95 4800 
10608 96 4849 
9396 10 542 
9560 263 13174 
9765 1 74 
9765 92 4634 
10858 57 2893 
10858 111 5556 
9297 155 7770 
9297 158 7916 
9297 158 7947 
8702 53 2687 
8702 92 4613 
9095 173 8667 
10801 16 836 
10906 85 4280 
10906 231 11588 
9348 41 2089 
9523 219 10952 
9076 11 574 
9379 1 97 
10670 6 306 
10745 29 1464 
9269 96 4806 
9394 81 4075 
10861 84 4202 
10861 160 8043 
8716 25 1293 
8889 69 3460 
9454 98 4918 
8427 138 6950 
10741 29 1473 
10741 130 6516 
10741 259 12967 
11030 75 3791 
9278 76 3837 
8861 85 4273 
9423 136 6836 
10561 166 8348 
9321 105 5252 
10987 47 2397 
11045 135 6786 
9066 24 1205 
9066 44 2220 
9066 46 2315 
9066 75 3761 
9446 82 4142 
10712 87 4371 
10847 65 3279 
10847 131 6576 
10847 221 11091 
8937 27 1374 
9217 86 4312 
10727 72 3641 
9292 26 1305 
10704 233 11689 
10781 3 172 
10781 22 1145 
10567 183 9160 
10567 292 14619 
10520 60 3002 
10618 11 599 
8619 20 1021 
9562 146 7328 
9619 15 797 
8794 67 3376 
8794 345 17287 
9191 33 1651 
9191 195 9793 
9191 221 11097 
9092 26 1309 
8927 159 7982 
8649 104 5246 
9398 37 1857 
11032 31 1575 
10950 23 1165 
10705 31 1571 
10705 35 1799 
9690 79 3966 
9009 164 8233 
9301 84 4219 
10602 162 8137 
10657 219 10993 
10657 223 11184 
10800 32 1619 
10800 176 8840 
10800 196 9849 
9585 10 526 
10995 66 3338 
9064 6 305 
8411 6 321 
9712 173 8664 
9471 9 461 
9249 88 4425 
8886 7 353 
8886 192 9633 
10921 170 8523 
9498 13 690 
9498 53 2653 
8699 23 1167 
9543 92 4635 
9437 152 7632 
8547 96 4816 
8418 2 148 
8935 55 2775 
8616 39 1975 
8616 46 2339 
8616 107 5368 
9706 63 3179 
9706 85 4293 
10758 21 1051 
10758 44 2237 
10644 2 103 
10563 245 12289 
9361 16 836 
10768 0 47 
8861 56 2814 
8857 93 4677 
8857 119 5995 
9273 0 45 
9273 242 12114 
9024 95 4759 
9024 95 4795 
8911 9 491 
10925 229 11462 
8861 50 2533 
8861 51 2553 
9442 189 9453 
8700 82 4121 
9377 0 32 
10710 83 4188 
9472 2 110 
10987 168 8401 
9685 21 1096 
9685 42 2117 
9085 94 4713 
8666 79 3986 
8666 90 4527 
10668 193 9662 
10828 10 541 
9285 122 6121 
8708 67 3379 
8708 204 10231 
10987 32 1601 
10595 0 13 
10595 197 9888 
10796 248 12414 
9751 48 2441 
10690 297 14898 
9273 207 10377 
10918 44 2218 
9281 104 5207 
10546 78 3925 
8768 5 271 
8768 18 908 
8899 73 3665 
9483 48 2422 
9669 186 9334 
9669 236 11810 
8862 169 8467 
9313 72 3622 
8907 128 6441 
9341 156 7806 
9316 45 2299 
8958 76 3824 
8958 179 8984 
8906 1 95 
8906 32 1628 
8553 19 983 
8886 9 484 
8886 157 7859 
9577 8 434 
8702 68 3427 
10800 142 7122 
10800 212 10622 
8862 106 5311 
9205 104 5250 
9205 178 8947 
11045 138 6901 
9427 59 2951 
10618 36 1842 
10597 57 2856 
10597 169 8500 
10597 298 14945 
8433 134 6744 
9395 18 930 
9009 158 7925 
10737 265 13297 
8740 16 804 
8708 188 9406 
10663 72 3643 
8740 12 611 
9002 298 14912 
9563 80 4017 
9563 533 26684 
10669 83 4162 
10669 99 4999 
9297 120 6005 
10683 28 1416 
10683 231 11555 
10551 42 2144 
10551 146 7311 
8888 40 2031 
9727 6 350 
10501 294 14746 
10716 309 15479 
8668 20 1006 
10624 292 14621 
8707 46 2322 
8707 136 6837 
10534 81 4077 
8549 68 3414 
8549 85 4299 
8549 92 4634 
9068 281 14062 
9591 54 2747 
9591 86 4325 
9591 137 6861 
8787 18 933 
8787 81 4072 
8419 16 836 
8419 20 1042 
9338 83 4160 
9338 299 14988 
10663 55 2794 
9369 98 4910 
8776 62 3117 
9437 184 9208 
10714 61 3060 
10864 45 2279 
10864 47 2361 
10864 88 4412 
9437 299 14973 
8957 37 1899 
8957 185 9287 
8957 271 13556 
8957 275 13790 
10745 269 13453 
9344 49 2492 
9344 52 2621 
10811 0 10 
9037 7 377 
9030 41 2094 
9030 84 4227 
9515 350 17539 
9515 382 19122 
9515 409 20500 
10711 100 5020 
10693 45 2300 
10625 152 7646 
10625 264 13236 
9307 56 2824 
9307 253 12697 
9245 95 4754 
9277 3 197 
8720 64 3220 
10940 88 4402 
9446 53 2662 
8460 69 3493 
8460 255 12800 
8677 48 2417 
8687 14 720 
8687 274 13737 
10921 142 7141 
10741 79 4000 
10741 80 4040 
10741 201 10087 
10518 12 604 
9349 121 6092 
9349 195 9784 
9349 246 12307 
9349 296 14803 
9191 129 6454 
9191 260 13022 
8899 129 6481 
9394 77 3891 
9394 123 6198 
9394 138 6906 
9394 233 11658 
8751 136 6822 
10858 60 3024 
9432 26 1341 
9432 83 4168 
9432 88 4434 
10923 80 4009 
8755 10 505 
8989 84 4216 
8897 17 892 
9436 6 309 
9362 153 7658 
9358 277 13852 
8616 53 2694 
9205 218 10946 
9706 18 904 
10897 109 5479 
9414 20 1048 
9411 41 2094 
10745 123 6181 
8813 62 3130 
8813 164 8240 
10794 9 494 
8915 139 6993 
9500 180 9003 
9500 280 14010 
10694 220 11036 
9551 15 756 
9444 238 11941 
9188 182 9125 
9593 45 2268 
10784 0 45 
10584 76 3832 
10584 196 9827 
8616 122 6135 
9698 19 958 
9640 114 5717 
8573 16 832 
9290 17 864 
9637 177 8874 
8764 68 3436 
10848 82 4117 
9479 107 5381 
8714 24 1246 
10847 81 4070 
10901 139 6958 
8771 191 9581 
9238 36 1812 
8700 97 4889 
8908 364 18235 
9202 7 381 
10845 130 6515 
10675 77 3861 
10756 18 943 
10756 253 12656 
9497 52 2637 
10578 167 8367 
10578 251 12573 
8690 24 1245 
11027 3 153 
11027 58 2903 
10974 105 5269 
8995 77 3888 
9064 287 14366 
9767 87 4362 
8868 100 5011 
10888 116 5838 
8411 79 3957 
10522 138 6902 
8915 134 6707 
9385 252 12617 
8957 49 2491 
8957 187 9382 
10778 62 3105 
10870 40 2024 
9063 19 989 
9063 164 8207 
9245 218 10915 
9007 31 1583 
9558 106 5339 
10737 95 4753 
10737 261 13051 
8971 18 907 
9208 282 14104 
10884 58 2910 
10680 101 5058 
10591 209 10491 
9085 3 184 
9066 86 4324 
9717 20 1050 
9717 64 3224 
9717 303 15188 
9706 50 2537 
9706 116 5805 
9658 89 4456 
9658 203 10184 
9084 32 1617 
9002 167 8359 
9041 42 2114 
9195 122 6109 
9195 225 11278 
9195 239 11992 
9037 74 3721 
9037 258 12934 
9321 2 118 
11046 16 811 
10720 47 2376 
10568 26 1346 
9348 198 9922 
10998 19 966 
9028 9 459 
9028 61 3090 
10725 178 8916 
10725 329 16462 
9468 73 3658 
8666 19 981 
8666 32 1608 
9386 235 11799 
10888 48 2412 
10888 239 11976 
9057 10 537 
10983 1 80 
10983 2 110 
8959 2 149 
8959 50 2540 
8411 19 988 
8411 69 3493 
8648 49 2459 
8648 261 13081 
10933 7 371 
11001 18 948 
11001 19 956 
11001 30 1538 
8878 61 3074 
9741 15 797 
9269 24 1211 
9516 7 374 
9543 67 3397 
9563 196 9814 
9563 540 27002 
9030 27 1399 
9030 56 2803 
9090 220 11039 
10786 141 7076 
8770 37 1878 
8770 261 13059 
8768 2 139 
10523 5 267 
10523 203 10170 
8863 8 411 
10563 284 14219 
10906 189 9490 
9567 256 12803 
10928 108 5436 
10928 116 5833 
8736 11 570 
9384 27 1369 
9667 0 27 
8934 36 1839 
8936 219 10953 
8936 299 14989 
9572 6 330 
9317 37 1864 
9275 10 535 
9275 58 2930 
9215 295 14799 
10504 33 1658 
8917 212 10630 
8796 187 9378 
9002 184 9244 
9289 87 4373 
9289 335 16775 
8431 15 754 
8431 60 3005 
8931 49 2496 
10634 59 2978 
9538 159 7998 
9482 115 5762 
8957 14 728 
8957 14 729 
8566 45 2283 
8957 167 8386 
8879 27 1381 
11027 18 929 
11027 180 9035 
10660 337 16858 
8991 12 603 
10538 106 5321 
8752 9 478 
9608 160 8020 
10646 70 3541 
8413 87 4381 
10778 133 6694 
10772 102 5105 
8795 3 199 
8795 27 1358 
10629 20 1025 
10756 127 6359 
8894 72 3643 
8894 123 6180 
9226 273 13696 
9345 267 13359 
9512 601 30099 
10873 61 3093 
9356 272 13634 
8918 284 14214 
8441 172 8621 
10516 21 1068 
9081 209 10492 
9516 55 2757 
9516 319 15994 
8420 11 599 
9501 199 9976 
8917 21 1053 
8917 146 7342 
8905 186 9336 
9367 73 3666 
9592 91 4556 
10567 268 13425 
10795 290 14525 
10705 162 8131 
10902 26 1336 
8994 91 4593 
10716 146 7342 
10840 78 3924 
10537 57 2881 
9704 193 9687 
9704 232 11609 
10724 269 13491 
9660 207 10375 
9485 60 3005 
8762 119 5985 
8810 9 470 
9653 212 10645 
9653 268 13425 
9432 51 2580 
9473 92 4647 
10760 27 1364 
10760 90 4537 
8971 225 11254 
10573 20 1042 
10720 75 3774 
9040 22 1102 
8547 158 7949 
9068 242 12114 
9758 46 2308 
9033 207 10356 
9201 95 4784 
9618 59 2976 
9618 204 10206 
9618 336 16821 
10603 12 636 
10704 250 12548 
8894 199 9998 
11045 32 1626 
11045 32 1628 
11045 181 9074 
10629 34 1701 
10747 1 77 
10747 30 1507 
10747 213 10667 
9302 12 615 
9096 114 5722 
10705 144 7217 
10705 216 10827 
10705 250 12536 
8937 37 1900 
9075 273 13653 
8990 53 2699 
9369 49 2477 
10563 102 5103 
10486 15 787 
8811 15 759 
9366 68 3439 
9366 165 8294 
8787 100 5019 
10668 45 2264 
9742 46 2331 
9239 197 9855 
9239 222 11105 
9239 224 11227 
11032 41 2074 
11032 53 2659 
8445 66 3341 
9024 130 6546 
10645 23 1198 
9586 332 16641 
8750 56 2814 
8750 285 14298 
9298 95 4793 
9298 154 7731 
10846 297 14872 
9678 5 265 
9678 117 5895 
8754 24 1232 
8852 38 1902 
8975 60 3041 
8975 214 10713 
8677 39 1980 
10629 73 3660 
10599 3 180 
10694 149 7478 
10694 156 7844 
9210 268 13404 
9445 68 3428 
9445 302 15140 
8421 54 2719 
9273 106 5306 
8917 188 9429 
8995 155 7772 
9750 43 2152 
10929 227 11361 
10819 119 5984 
10929 32 1618 
8648 71 3561 
8669 3 194 
10743 4 205 
10743 22 1142 
10743 147 7355 
9392 24 1224 
9392 49 2461 
8746 170 8527 
8746 189 9472 
11041 168 8450 
9249 312 15630 
8435 28 1448 
9385 121 6075 
9288 6 310 
9288 117 5876 
9288 146 7301 
8920 14 740 
8920 79 3990 
10595 55 2753 
10595 65 3271 
10674 42 2138 
9421 12 623 
10908 168 8419 
9084 56 2840 
10846 129 6474 
11029 8 405 
9205 281 14053 
10913 65 3280 
10913 80 4026 
10913 151 7564 
8899 205 10269 
8899 308 15407 
9040 196 9835 
9040 288 14430 
9287 76 3827 
10540 167 8386 
8413 10 506 
8413 111 5591 
8413 238 11915 
8982 5 276 
8411 41 2079 
9217 31 1557 
9217 106 5312 
9084 18 928 
9278 78 3942 
9358 251 12598 
9677 158 7910 
8714 79 3978 
8714 118 5935 
8941 25 1280 
8941 27 1400 
8941 95 4751 
10540 127 6388 
9542 69 3492 
9024 84 4247 
10700 14 722 
10700 148 7424 
9238 0 1 
9356 207 10395 
9356 299 14985 
9205 81 4067 
10772 295 14769 
10745 32 1623 
10745 87 4385 
9492 229 11466 
8656 19 999 
8862 40 2010 
8862 196 9834 
8460 105 5273 
8460 106 5304 
8590 6 330 
8590 95 4759 
8590 122 6110 
8742 19 976 
9587 408 20421 
9587 503 25179 
9470 227 11389 
8715 25 1290 
8548 10 512 
8548 145 7257 
9206 16 843 
9206 17 875 
8747 3 191 
8416 128 6418 
10846 218 10904 
9578 59 3000 
9202 57 2898 
9095 55 2753 
8738 123 6187 
8447 30 1537 
8917 124 6227 
8917 233 11673 
9364 91 4592 
9063 286 14344 
10522 125 6292 
8907 166 8326 
8409 57 2878 
8649 10 522 
10716 141 7099 
10716 235 11771 
10574 147 7373 
10847 64 3242 
10847 83 4169 
10720 5 274 
11039 88 4448 
11039 136 6820 
9336 164 8203 
9336 195 9799 
9336 213 10677 
10833 57 2869 
8720 122 6132 
8738 128 6406 
9096 13 667 
8770 191 9579 
8770 208 10423 
9434 120 6002 
10886 152 7639 
8543 34 1722 
8543 35 1762 
9448 29 1472 
9089 2 102 
10735 75 3771 
8465 290 14523 
8465 324 16239 
9023 71 3592 
9023 103 5167 
9023 277 13878 
9273 255 12757 
10790 12 615 
9053 7 358 
9245 0 29 
10737 226 11334 
9613 24 1227 
9613 43 2184 
9351 21 1069 
9463 40 2044 
9061 31 1551 
9061 74 3742 
9284 112 5611 
8957 176 8826 
9216 15 752 
9214 4 231 
9214 13 686 
10593 257 12872 
8448 115 5757 
10874 290 14536 
8793 15 766 
8565 10 549 
10579 43 2181 
8879 15 798 
8879 39 1959 
8879 123 6183 
9080 129 6483 
8797 10 539 
8797 11 593 
9539 60 3002 
8935 312 15625 
10940 36 1832 
10803 1 67 
9295 10 517 
9295 66 3347 
10745 20 1011 
10745 21 1093 
9369 38 1940 
10928 133 6655 
10647 65 3269 
8996 54 2727 
10961 19 963 
10809 26 1307 
10908 67 3371 
9288 9 471 
9288 64 3238 
10929 228 11411 
9081 215 10787 
8571 48 2425 
8968 30 1503 
8677 109 5459 
8677 136 6809 
10508 14 725 
8853 181 9077 
9362 43 2174 
10721 100 5011 
9467 261 13072 
10608 134 6717 
9215 37 1864 
9215 55 2755 
9215 177 8861 
10683 106 5326 
10683 278 13906 
9366 86 4318 
9366 230 11526 
9079 16 809 
9079 101 5076 
9079 122 6130 
8914 100 5048 
10757 69 3497 
9281 221 11099 
10540 86 4334 
10803 147 7395 
10803 227 11390 
9677 81 4076 
10834 108 5440 
10834 223 11193 
10834 259 12994 
9273 35 1793 
9273 274 13750 
9023 283 14191 
9023 293 14654 
8539 1 94 
8539 136 6842 
10654 279 13991 
9727 134 6711 
9727 245 12296 
9061 252 12609 
9583 132 6620 
9583 207 10354 
9583 207 10357 
10987 35 1783 
10987 118 5914 
9491 95 4770 
10813 37 1865 
8893 238 11943 
9445 21 1065 
9445 320 16029 
8690 118 5905 
8690 218 10947 
9660 242 12110 
9660 330 16547 
8414 104 5220 
10828 73 3671 
10918 68 3424 
8996 188 9439 
9366 352 17622 
8972 82 4102 
8972 90 4533 
10737 208 10440 
10735 100 5010 
10966 259 12984 
10966 299 14953 
9479 132 6606 
9479 275 13753 
9208 262 13103 
10683 274 13738 
9206 10 519 
9727 182 9149 
8862 236 11820 
8769 14 730 
9531 61 3053 
9412 227 11369 
10733 83 4185 
8994 130 6532 
8687 222 11123 
9039 72 3621 
10834 185 9260 
8853 51 2595 
10772 38 1909 
10772 87 4381 
8708 38 1914 
10804 150 7540 
9340 229 11482 
9477 85 4287 
8868 13 700 
9247 94 4721 
9344 168 8425 
9344 253 12672 
9491 49 2472 
9449 70 3511 
10648 210 10533 
10648 211 10572 
10569 40 2021 
8935 207 10370 
8935 227 11374 
8905 222 11131 
8883 21 1060 
10990 2 147 
10743 322 16146 
8465 331 16596 
9613 21 1071 
9216 42 2137 
8853 37 1900 
8807 169 8453 
10908 8 404 
8687 155 7786 
8708 29 1494 
8708 62 3124 
10755 69 3455 
10755 90 4512 
10755 151 7595 
9307 258 12943 
9650 176 8819 
9650 295 14790 
9060 83 4173 
9601 508 25427 
9601 658 32939 
8962 10 538 
9287 55 2777 
10704 169 8469 
10704 240 12028 
10837 58 2905 
9710 222 11103 
8759 231 11595 
9096 205 10267 
8894 121 6072 
8894 146 7317 
8894 175 8779 
9075 211 10563 
9061 24 1245 
8683 73 3692 
8683 147 7353 
8700 145 7273 
8680 52 2622 
8680 177 8872 
8939 80 4038 
9682 192 9632 
9682 246 12334 
9682 291 14559 
9656 6 331 
10562 111 5564 
10719 172 8616 
10719 190 9509 
8936 157 7878 
8936 183 9159 
9617 23 1187 
8672 50 2535 
10773 90 4527 
10798 4 209 
8771 229 11472 
10830 258 12940 
8922 33 1684 
9538 340 17006 
8806 89 4472 
8806 109 5481 
8806 165 8272 
10725 59 2953 
10725 117 5868 
10966 145 7282 
8791 91 4571 
8791 148 7433 
8762 268 13423 
9434 46 2346 
10529 36 1833 
10921 38 1945 
10635 16 807 
10635 67 3366 
9563 147 7380 
8416 7 391 
8589 177 8897 
9407 38 1944 
9285 32 1603 
9285 98 4920 
8789 35 1764 
8789 53 2672 
8789 66 3338 
8789 75 3759 
8764 45 2262 
10725 48 2403 
10725 188 9426 
10567 25 1280 
10581 122 6103 
9090 69 3473 
9481 161 8061 
10685 20 1044 
10685 93 4658 
9226 204 10207 
9226 334 16721 
10611 88 4417 
9090 277 13882 
9072 136 6811 
10988 59 2951 
8648 208 10403 
10647 136 6849 
10647 170 8535 
8796 99 4980 
8796 135 6800 
8796 155 7783 
10755 94 4744 
10755 99 4971 
10743 182 9132 
9033 59 2962 
10757 135 6776 
9395 168 8425 
9395 334 16721 
8886 33 1666 
8868 56 2831 
8868 107 5361 
8868 175 8752 
9226 213 10691 
11667 15 768 
11554 31 1580 
11197 22 1115 
11197 100 5045 
11925 29 1479 
11925 89 4500 
11243 21 1070 
11940 77 3894 
11673 7 400 
11213 13 671 
11631 96 4813 
11096 29 1482 
11120 8 447 
11138 44 2213 
11275 28 1411 
11518 12 603 
11235 81 4096 
11235 96 4810 
11270 88 4405 
11762 8 447 
11762 163 8176 
11867 43 2170 
11242 0 47 
11194 39 1979 
11146 310 15540 
11869 262 13137 
11815 54 2749 
11149 59 2972 
11086 204 10218 
11186 147 7375 
11756 75 3781 
11756 162 8140 
11296 52 2617 
11133 160 8049 
11813 246 12332 
11845 94 4722 
11685 121 6079 
11893 66 3319 
11290 279 13976 
11067 50 2501 
11938 43 2174 
11297 36 1822 
11779 65 3300 
11283 106 5316 
11521 63 3159 
11572 4 207 
11906 114 5704 
11112 238 11925 
11756 89 4489 
11756 264 13238 
11934 170 8540 
11291 172 8641 
11506 149 7457 
11244 4 228 
11508 55 2789 
11673 41 2056 
11673 64 3248 
11601 98 4902 
11930 51 2582 
11637 167 8381 
11509 85 4286 
11822 39 1988 
11091 251 12600 
11869 47 2398 
11059 9 454 
11068 1 97 
11887 151 7563 
11234 24 1211 
11081 53 2700 
11278 305 15275 
11278 321 16085 
11235 103 5191 
11581 20 1029 
11733 36 1839 
11829 109 5492 
11664 132 6642 
11721 163 8181 
11166 56 2845 
11915 314 15722 
11506 172 8623 
11290 113 5654 
11290 122 6135 
11532 22 1123 
11919 73 3675 
11187 300 15049 
11203 24 1223 
11844 87 4362 
11716 45 2274 
11565 68 3414 
11565 300 15036 
11146 173 8676 
11842 144 7223 
11073 79 3984 
11119 69 3469 
11842 140 7024 
11279 6 309 
11112 231 11599 
11945 128 6422 
11519 19 988 
11519 110 5532 
11087 21 1055 
11869 47 2398 
11869 266 13327 
11527 98 4940 
11729 56 2801 
11500 63 3160 
11068 34 1707 
11682 64 3242 
11071 133 6691 
11071 147 7370 
11631 241 12056 
11274 59 2966 
11674 69 3463 
11782 93 4679 
11782 142 7138 
11782 160 8017 
11066 77 3859 
11666 23 1183 
11804 182 9134 
11679 23 1184 
11145 6 325 
11709 120 6033 
11081 39 1959 
11881 37 1855 
11881 62 3123 
11524 244 12219 
11924 79 3962 
11545 258 12927 
11112 116 5841 
11112 254 12713 
11845 31 1559 
11074 36 1828 
11644 234 11721 
11844 156 7802 
11895 326 16320 
11168 15 755 
11168 27 1400 
11186 123 6189 
11793 102 5144 
11786 100 5047 
11921 20 1029 
11921 155 7794 
11787 5 284 
11787 55 2790 
11787 93 4662 
11787 155 7752 
11715 7 365 
11715 130 6540 
11565 132 6620 
11214 37 1854 
11698 28 1449 
11881 166 8338 
11881 207 10368 
11762 26 1308 
11762 55 2776 
11762 93 4676 
11520 115 5770 
11728 127 6367 
11728 267 13391 
11639 9 452 
11723 59 2955 
11264 101 5058 
11765 315 15778 
11766 86 4313 
11745 196 9817 
11604 268 13423 
11841 84 4232 
11885 25 1260 
11173 4 221 
11240 58 2943 
11229 22 1119 
11531 141 7068 
11531 147 7356 
11648 2 148 
11648 8 446 
11648 75 3797 
11512 34 1724 
11878 213 10679 
11575 22 1138 
11134 56 2841 
11550 90 4523 
11550 139 6958 
11816 158 7902 
11906 260 13046 
11174 5 283 
11150 54 2723 
11150 148 7441 
11203 82 4150 
11270 29 1469 
11761 19 997 
11830 91 4582 
11066 113 5667 
11066 159 7985 
11920 24 1227 
11872 99 4972 
11275 75 3798 
11934 291 14581 
11096 9 462 
11519 127 6369 
11623 50 2519 
11623 87 4369 
11668 81 4054 
11938 7 381 
11786 207 10375 
11211 35 1784 
11741 77 3894 
11631 58 2906 
11923 92 4647 
11923 162 8116 
11187 163 8192 
11278 124 6218 
11278 124 6246 
11609 295 14761 
11609 297 14857 
11792 5 268 
11116 133 6683 
11091 70 3537 
11884 116 5820 
11923 80 4016 
11793 239 11971 
11543 220 11020 
11543 260 13023 
11791 59 2993 
11169 0 44 
11169 209 10476 
11086 155 7799 
11848 318 15918 
11911 25 1256 
11927 103 5189 
11927 111 5600 
11203 15 786 
11907 214 10719 
11820 10 533 
11820 114 5716 
11820 168 8435 
11820 218 10939 
11933 146 7303 
11930 226 11331 
11186 40 2032 
11186 101 5079 
11186 318 15928 
11926 316 15825 
11879 109 5481 
11879 256 12823 
11709 2 106 
11892 24 1215 
11219 21 1071 
11083 152 7617 
11852 27 1388 
11729 2 133 
11094 161 8098 
11119 116 5802 
11745 20 1025 
11745 36 1829 
11745 233 11683 
11149 29 1474 
11149 163 8174 
11723 246 12303 
11162 22 1132 
11593 8 449 
11713 59 2987 
11913 73 3697 
11172 2 101 
11816 116 5807 
11915 87 4383 
11758 9 488 
11776 38 1914 
11776 157 7866 
11776 183 9184 
11094 191 9558 
11913 299 14973 
11895 185 9288 
11740 299 14972 
11215 89 4484 
11543 67 3390 
11543 169 8475 
11135 24 1202 
11557 36 1839 
11625 66 3333 
11693 30 1516 
11173 116 5830 
11869 266 13327 
11119 150 7511 
11196 140 7034 
11149 240 12039 
11120 45 2251 
11120 98 4936 
11815 117 5883 
11885 2 143 
11509 67 3354 
11509 111 5575 
11509 121 6073 
11509 158 7909 
11678 6 306 
11678 234 11730 
11187 24 1205 
11187 88 4450 
11187 96 4804 
11924 11 596 
11924 15 796 
11924 189 9461 
11074 30 1504 
11198 95 4752 
11278 136 6836 
11278 237 11897 
11802 55 2773 
11071 249 12463 
11578 24 1248 
11870 118 5932 
11709 70 3504 
11709 89 4461 
11637 142 7135 
11578 31 1554 
11804 23 1152 
11093 0 47 
11093 19 968 
11762 325 16287 
11626 51 2554 
11829 144 7210 
11296 46 2309 
11779 114 5747 
11779 238 11908 
11095 38 1912 
11728 287 14385 
11619 93 4677 
11921 196 9826 
11093 29 1500 
11093 67 3389 
11077 60 3029 
11095 79 3977 
11876 45 2268 
11885 151 7558 
11912 25 1260 
11912 170 8517 
11260 17 854 
11723 127 6373 
11761 42 2113 
11070 88 4419 
11070 162 8131 
11831 30 1549 
11286 47 2373 
11553 51 2560 
11087 112 5642 
11930 62 3109 
11720 178 8903 
11090 7 355 
11242 33 1671 
11557 34 1734 
11879 276 13820 
11832 38 1949 
11721 211 10564 
11614 21 1096 
11913 91 4588 
11822 16 831 
11237 31 1563 
11742 188 9441 
11685 83 4187 
11780 35 1763 
11943 28 1412 
11943 209 10472 
11194 5 252 
11624 13 691 
11529 15 789 
11698 106 5311 
11630 53 2691 
11630 165 8295 
11873 11 589 
11749 98 4936 
11115 21 1054 
11818 8 420 
11604 173 8674 
11278 1 77 
11278 63 3199 
11059 7 371 
11214 22 1101 
11214 48 2423 
11889 18 936 
11146 277 13885 
11604 259 12952 
11737 70 3533 
11264 4 203 
11264 4 212 
11264 16 838 
11264 78 3932 
11782 75 3755 
11742 286 14303 
11853 8 403 
11906 257 12875 
11228 21 1085 
11171 114 5702 
11075 40 2019 
11886 43 2175 
11609 104 5217 
11554 85 4251 
11255 9 491 
11672 10 515 
11672 66 3331 
11606 255 12751 
11923 75 3790 
11095 145 7272 
11095 291 14565 
11927 6 336 
11233 100 5034 
11713 28 1449 
11149 270 13544 
11080 278 13904 
11196 238 11919 
11761 157 7854 
11761 230 11537 
11112 137 6869 
11154 24 1225 
11091 205 10263 
11091 234 11707 
11091 242 12138 
11886 56 2807 
11891 61 3054 
11891 69 3466 
11943 113 5661 
11919 89 4478 
11518 60 3027 
11264 23 1195 
11844 11 558 
11844 111 5598 
11929 19 971 
11929 28 1444 
11769 69 3500 
11769 91 4569 
11769 93 4698 
11243 79 3963 
11630 164 8225 
11677 64 3218 
11677 67 3363 
11253 105 5293 
11283 51 2572 
11229 16 846 
11229 19 990 
11543 230 11512 
11543 239 11992 
11081 54 2713 
11081 125 6283 
11625 10 533 
11786 161 8051 
11766 84 4237 
11766 282 14150 
11578 17 873 
11202 58 2917 
11501 24 1209 
11230 20 1035 
11779 166 8303 
11228 16 833 
11095 151 7589 
11095 250 12512 
11179 16 811 
11283 91 4587 
11146 250 12503 
11086 161 8098 
11094 40 2018 
11094 90 4535 
11618 189 9490 
11196 200 10028 
11892 1 78 
11930 286 14302 
11142 11 557 
11895 44 2217 
11895 174 8713 
11895 288 14417 
11495 36 1817 
11934 6 316 
11934 33 1671 
11934 260 13010 
11870 55 2759 
11870 171 8589 
11275 37 1898 
11275 38 1921 
11233 22 1121 
11233 44 2212 
11233 118 5912 
11168 70 3546 
11935 74 3711 
11867 49 2453 
11867 109 5476 
11133 61 3086 
11537 204 10246 
11687 209 10490 
11844 52 2609 
11900 13 651 
11166 39 1980 
11166 39 1988 
11111 80 4029 
11111 82 4103 
11630 131 6551 
11215 40 2035 
11804 91 4599 
11804 150 7514 
11804 150 7529 
11591 94 4731 
11182 159 7974 
11069 3 191 
11069 113 5678 
11550 31 1574 
11550 269 13491 
11793 231 11594 
11793 263 13171 
11881 158 7902 
11738 17 888 
11878 109 5485 
11762 178 8932 
11091 23 1196 
11091 210 10529 
