Run Subrun Event
15486 136 6842 
18233 294 14720 
14577 81 4086 
17960 89 4475 
15407 119 5966 
18468 49 2499 
18497 357 17858 
14873 308 15439 
16071 111 5566 
16112 22 1106 
18242 10 547 
18699 202 10122 
15464 268 13424 
16209 403 20174 
15587 7 369 
16546 148 7438 
14469 127 6399 
15792 219 10967 
17087 106 5306 
18035 222 11124 
17760 19 965 
18690 113 5694 
17365 54 2735 
15368 102 5147 
14271 176 8826 
18951 460 23015 
18220 119 5964 
14127 22 1145 
17073 2 134 
15294 65 3292 
15238 132 6631 
17219 94 4711 
17075 143 7152 
17396 2 131 
15921 53 2673 
17125 83 4193 
14899 236 11804 
15234 14 738 
14745 104 5226 
16815 31 1590 
14772 67 3359 
14772 262 13115 
14177 38 1902 
17846 89 4474 
18765 170 8518 
17861 10 521 
14467 40 2008 
14224 69 3492 
17508 36 1828 
14218 167 8384 
14218 232 11639 
17243 51 2554 
14375 106 5339 
16835 102 5124 
15828 240 12026 
15456 264 13211 
16059 130 6531 
18701 0 2 
14274 64 3204 
17181 88 4401 
17181 88 4437 
16043 80 4017 
14572 17 896 
14603 178 8913 
14897 63 3158 
17668 83 4174 
16937 2 148 
14392 57 2882 
17875 340 17009 
15930 35 1783 
16134 73 3684 
14125 72 3625 
15398 195 9784 
18631 33 1662 
18631 68 3405 
18631 174 8717 
15987 506 25321 
14727 77 3883 
15491 43 2162 
17671 333 16667 
17671 367 18377 
18621 8 422 
15892 0 1 
17497 31 1594 
17365 104 5210 
17653 11 574 
15520 103 5156 
18779 290 14511 
18676 96 4807 
18469 102 5103 
15286 184 9226 
18499 68 3402 
15676 6 307 
15676 6 345 
15923 304 15245 
16759 26 1329 
17177 28 1428 
14958 48 2437 
17990 399 19974 
17865 305 15296 
18049 65 3261 
17341 34 1740 
14174 177 8858 
16301 218 10918 
17352 53 2662 
15409 44 2244 
15079 61 3090 
15450 228 11450 
16230 63 3174 
16119 32 1613 
16858 90 4524 
18712 328 16423 
15264 172 8642 
14743 75 3800 
18245 257 12852 
17956 170 8535 
14968 39 1955 
17797 6 324 
17671 92 4624 
14590 5 267 
18220 91 4585 
14806 141 7059 
18679 70 3532 
15353 160 8044 
18659 84 4217 
18044 114 5703 
14338 106 5311 
17872 125 6252 
14223 148 7430 
17594 14 726 
18666 10 532 
16209 366 18315 
14882 35 1770 
16148 151 7565 
14938 258 12912 
17269 132 6633 
14229 39 1954 
15966 405 20259 
16225 20 1015 
14152 171 8567 
14152 171 8596 
15287 24 1245 
15800 64 3206 
16818 60 3025 
18924 87 4394 
18229 3 158 
15952 227 11352 
14983 1 85 
15909 92 4627 
16842 6 326 
17239 258 12902 
16335 34 1725 
18782 49 2481 
18282 73 3695 
17367 140 7023 
15345 78 3931 
18630 94 4707 
18731 61 3097 
15634 12 619 
14368 276 13818 
18712 166 8309 
18712 307 15353 
14149 117 5893 
17073 39 1962 
17073 86 4319 
17383 499 24955 
17383 522 26116 
18005 108 5410 
18740 19 957 
14673 51 2599 
14673 74 3727 
14227 110 5504 
16196 208 10424 
15101 26 1350 
15591 201 10089 
14306 18 919 
14306 86 4312 
15462 12 608 
14140 2 136 
14571 15 775 
15593 58 2929 
15430 86 4350 
14376 300 15044 
15801 207 10364 
16253 24 1246 
16253 54 2722 
17847 295 14763 
18009 70 3521 
18703 5 294 
17281 31 1577 
15973 19 998 
17338 7 356 
17269 32 1608 
17410 34 1731 
15223 7 376 
17667 58 2929 
15496 36 1826 
15460 27 1381 
16826 142 7140 
15683 83 4183 
15425 200 10036 
15930 359 17973 
14559 148 7440 
17620 123 6151 
18039 21 1054 
14708 5 256 
17309 38 1906 
14726 136 6815 
17249 120 6050 
16458 181 9078 
17488 143 7192 
17228 91 4587 
15652 41 2060 
17168 46 2301 
14377 256 12849 
18474 266 13307 
17322 13 694 
15916 322 16140 
16220 81 4053 
16220 99 4984 
18960 51 2591 
15479 104 5215 
16964 412 20613 
18468 51 2576 
14569 164 8232 
16473 109 5463 
18008 93 4677 
18245 10 539 
14564 74 3731 
17505 126 6339 
16172 193 9674 
17990 197 9858 
16805 136 6835 
16751 158 7910 
16199 110 5519 
18911 46 2338 
17413 35 1766 
18044 497 24897 
18044 541 27088 
16761 251 12576 
15011 5 297 
18499 106 5309 
17860 0 13 
17860 7 393 
16346 219 10990 
15500 273 13693 
15484 72 3639 
16209 237 11882 
18265 65 3266 
18265 79 3957 
18265 79 3976 
18265 137 6860 
16874 83 4198 
16883 151 7572 
17164 123 6179 
15510 25 1260 
16568 5 255 
18922 533 26684 
15138 18 912 
14631 202 10110 
17855 0 17 
17978 312 15630 
15875 125 6258 
16317 101 5055 
15016 7 400 
17990 161 8093 
15498 94 4723 
15397 217 10891 
18028 184 9238 
18228 160 8005 
14125 62 3102 
14543 97 4882 
17865 32 1634 
17560 55 2781 
17370 11 572 
17137 33 1662 
18603 198 9941 
14887 19 982 
17686 308 15404 
15449 26 1302 
15074 160 8035 
15001 0 35 
15001 3 167 
15528 224 11248 
17978 208 10430 
14464 17 867 
18615 217 10860 
14798 48 2441 
18527 649 32460 
14392 126 6324 
17823 11 590 
16734 38 1950 
15257 145 7273 
15274 32 1633 
15274 89 4480 
15921 32 1643 
17235 6 313 
15634 240 12032 
17745 46 2322 
18699 102 5140 
17847 178 8909 
15486 217 10874 
16526 52 2648 
18574 34 1704 
14802 228 11413 
14893 147 7354 
18488 18 948 
18488 32 1646 
15966 32 1625 
18253 25 1285 
15800 76 3808 
14897 12 610 
16314 85 4256 
15335 85 4269 
17339 94 4715 
17400 142 7123 
15496 71 3556 
16231 56 2832 
18286 193 9659 
14940 91 4574 
14187 8 439 
17601 14 738 
18765 275 13764 
14399 122 6145 
18021 497 24878 
17561 73 3689 
17545 7 357 
18762 34 1720 
17406 71 3587 
16172 306 15329 
16172 448 22448 
17506 16 836 
17621 56 2807 
17621 56 2822 
16891 156 7837 
14631 21 1089 
16379 239 11986 
14343 287 14372 
14438 88 4436 
14536 4 240 
18923 248 12446 
14537 32 1618 
14298 53 2668 
15293 96 4810 
17306 70 3550 
17240 322 16101 
17240 322 16137 
15428 260 13034 
17371 380 19044 
17481 10 511 
17400 79 3965 
17400 79 3968 
14146 28 1409 
18617 0 47 
15692 24 1250 
15692 25 1274 
16925 73 3651 
15152 68 3405 
14817 52 2637 
14427 126 6350 
14940 266 13320 
14940 323 16177 
15967 62 3134 
17327 44 2225 
17139 135 6789 
14418 91 4568 
17987 208 10436 
17724 12 620 
17724 37 1889 
16926 21 1072 
16926 150 7509 
16926 150 7545 
17239 120 6030 
17337 34 1721 
15940 8 449 
17693 14 736 
15590 185 9270 
14940 31 1558 
14940 31 1566 
14940 126 6338 
15681 8 443 
14877 68 3444 
17208 89 4468 
14805 282 14147 
14825 10 502 
18678 173 8691 
18678 177 8894 
14806 200 10037 
17823 94 4721 
17118 73 3695 
17383 363 18196 
16854 138 6923 
15498 45 2264 
17013 53 2672 
17013 60 3001 
18615 154 7727 
17087 265 13298 
18665 70 3512 
16199 218 10923 
18631 49 2456 
18574 285 14280 
15167 25 1264 
15167 72 3619 
17316 10 545 
14743 96 4828 
15145 114 5736 
16167 188 9427 
18054 248 12447 
17975 28 1413 
18901 21 1073 
18021 303 15167 
16220 15 774 
17853 32 1634 
16341 250 12539 
18515 50 2502 
15450 83 4185 
14157 70 3522 
14157 188 9450 
18062 18 929 
18704 29 1482 
17846 46 2334 
17846 101 5082 
14771 29 1474 
18954 330 16530 
14622 23 1173 
17535 18 932 
14902 103 5196 
16751 272 13646 
18048 268 13441 
18225 124 6241 
18225 159 7963 
15933 122 6111 
15828 349 17486 
16802 239 11956 
14918 53 2661 
14975 141 7095 
14975 181 9071 
14347 79 3973 
18910 138 6924 
15966 320 16020 
16858 20 1048 
14410 122 6128 
14290 206 10331 
15482 72 3621 
18625 68 3441 
15102 14 745 
15715 203 10191 
15715 215 10793 
15517 30 1526 
16741 226 11323 
16573 84 4249 
18794 267 13376 
16313 5 276 
14774 204 10220 
14632 50 2515 
15933 200 10003 
18039 38 1942 
17500 26 1319 
16750 34 1702 
14213 2 137 
15318 72 3628 
15318 173 8691 
15917 105 5290 
17307 27 1366 
16317 147 7388 
17249 110 5548 
16047 55 2777 
15592 40 2045 
17658 2 135 
15589 151 7561 
18922 160 8043 
15460 72 3650 
18732 461 23095 
18234 148 7443 
16741 282 14114 
17681 7 355 
15128 18 932 
18008 46 2321 
18874 39 1991 
14686 31 1573 
17956 71 3588 
16929 74 3729 
18694 66 3334 
18609 204 10226 
18795 204 10231 
17668 26 1322 
14824 206 10339 
15486 361 18083 
16557 3 166 
16679 147 7355 
18937 17 856 
18754 147 7361 
16785 27 1352 
14626 115 5782 
18257 44 2242 
16944 5 256 
16821 96 4835 
14647 72 3646 
17138 28 1424 
14671 4 226 
17620 216 10820 
15931 456 22846 
15634 281 14066 
15448 164 8225 
18841 21 1072 
17169 172 8619 
14410 277 13873 
18913 14 722 
18913 39 1971 
16006 106 5332 
14306 37 1888 
17478 23 1195 
17978 247 12355 
17849 109 5476 
17858 110 5526 
17341 123 6170 
16690 50 2511 
17489 286 14331 
16313 129 6477 
17517 122 6139 
14664 211 10555 
18929 87 4369 
16834 153 7654 
15147 178 8916 
17652 53 2651 
17413 365 18288 
15479 377 18883 
14335 13 695 
18225 282 14110 
16835 45 2286 
15969 301 15058 
16410 1 97 
14281 206 10335 
17666 32 1646 
18035 71 3591 
16312 12 616 
17245 65 3293 
15496 54 2744 
17645 19 967 
18028 295 14786 
16292 22 1142 
17686 357 17866 
14749 170 8503 
18032 110 5519 
18062 70 3524 
18951 289 14477 
14301 82 4131 
17460 23 1197 
16457 71 3569 
17132 507 25366 
18032 441 22056 
14450 35 1782 
16252 192 9612 
17213 109 5464 
17745 73 3680 
14275 24 1232 
15445 0 27 
15882 38 1902 
15882 58 2905 
15017 34 1712 
16798 40 2039 
18263 87 4384 
18263 87 4398 
16387 97 4888 
18630 83 4154 
18630 92 4630 
15870 92 4650 
18679 181 9065 
14377 114 5731 
14746 110 5510 
16499 291 14595 
15520 45 2281 
14754 7 389 
15634 287 14368 
16842 70 3535 
15924 29 1462 
18035 100 5030 
14938 271 13581 
14938 293 14671 
14428 55 2787 
17989 152 7627 
14920 75 3761 
14590 10 511 
17696 179 8981 
14874 150 7520 
17956 268 13405 
14925 246 12314 
17974 272 13637 
14280 68 3404 
18933 133 6671 
16978 296 14817 
14235 77 3878 
17282 6 347 
15106 129 6451 
15106 183 9187 
14401 154 7705 
14222 12 641 
16040 13 655 
16040 18 923 
17267 24 1222 
17267 83 4190 
15122 94 4726 
17057 112 5612 
17057 112 5634 
18685 33 1666 
14750 24 1226 
18054 431 21565 
14290 69 3471 
15309 14 705 
15309 38 1942 
18574 385 19290 
17383 108 5406 
17383 405 20300 
15794 137 6875 
16744 54 2725 
15448 21 1069 
16814 8 427 
14817 29 1489 
17630 50 2515 
15456 193 9683 
17495 182 9132 
17495 208 10437 
14550 110 5530 
17134 55 2758 
18929 67 3385 
17489 213 10680 
17396 1 96 
16161 134 6715 
17108 7 359 
15170 56 2837 
15529 214 10733 
17370 1 60 
17370 48 2413 
15877 169 8459 
14736 1 100 
14736 30 1530 
14956 18 926 
14559 98 4944 
18010 190 9538 
15315 104 5236 
14516 35 1786 
14301 1 74 
14573 12 633 
15783 280 14004 
15125 79 3989 
17036 382 19109 
16507 110 5536 
15181 11 579 
18021 661 33097 
18234 67 3393 
17693 169 8473 
17087 382 19113 
17144 163 8161 
17552 180 9012 
17552 200 10031 
18010 223 11160 
17875 194 9701 
18021 468 23409 
14439 31 1581 
14812 141 7093 
18011 17 855 
18011 17 861 
14603 12 634 
14603 142 7110 
14603 142 7112 
14293 181 9073 
14281 21 1070 
14281 74 3708 
18508 47 2374 
14140 22 1126 
14712 145 7254 
14712 155 7774 
15965 300 15011 
17871 1 57 
17871 58 2911 
16759 181 9090 
15877 232 11641 
14186 104 5246 
16951 44 2224 
16934 123 6153 
14418 160 8049 
17763 2 130 
17302 99 4960 
17302 99 5000 
15591 95 4765 
15591 96 4807 
18690 24 1204 
18011 58 2949 
17990 525 26300 
17719 7 385 
16731 475 23800 
18021 350 17523 
18232 87 4384 
17360 28 1450 
18010 245 12253 
18032 66 3303 
17620 203 10176 
14171 15 756 
14171 63 3162 
18497 143 7171 
15721 2 122 
17210 16 805 
17210 16 842 
18516 481 24093 
15446 31 1575 
16741 68 3422 
18495 199 9959 
18010 212 10614 
15402 71 3554 
18732 46 2308 
18732 377 18866 
18746 24 1240 
15130 58 2905 
17440 121 6058 
16355 25 1273 
15589 351 17591 
18780 8 410 
17406 120 6015 
18740 146 7303 
15909 169 8489 
14886 127 6363 
18900 141 7085 
17028 104 5209 
14261 6 330 
16172 450 22522 
15680 88 4445 
17328 16 818 
14726 14 706 
15281 15 789 
17333 20 1027 
18760 34 1723 
18760 126 6336 
18862 183 9191 
18947 84 4213 
18612 63 3160 
18612 149 7489 
18612 149 7491 
16148 40 2025 
14306 206 10340 
15910 234 11708 
17075 126 6339 
17972 262 13108 
18944 35 1791 
16994 110 5518 
15632 11 595 
17662 99 4986 
16697 28 1442 
16697 81 4075 
14764 51 2573 
14329 315 15751 
15764 4 203 
18499 330 16516 
18499 330 16543 
14134 214 10702 
15328 60 3042 
17686 206 10345 
18957 354 17737 
15514 6 313 
14771 193 9673 
18497 271 13587 
15463 312 15623 
16266 82 4106 
14183 7 353 
14882 11 570 
18619 74 3708 
16853 40 2032 
16295 65 3287 
14909 115 5758 
16026 57 2867 
14516 38 1949 
14516 62 3141 
15460 63 3155 
16094 403 20151 
14216 71 3594 
14117 11 572 
16341 76 3829 
18489 36 1811 
18903 64 3213 
18574 79 3976 
18505 19 995 
17488 46 2326 
14877 76 3823 
15805 52 2612 
15805 52 2632 
15466 143 7183 
18024 20 1037 
17047 6 315 
17990 114 5707 
17990 114 5732 
14453 153 7692 
14555 239 11982 
14259 172 8648 
16144 46 2347 
18008 49 2460 
18233 70 3549 
14276 1 64 
14276 8 410 
14276 18 930 
18907 60 3022 
16252 43 2153 
17581 8 409 
17847 320 16030 
17847 338 16946 
16303 59 2993 
15828 408 20406 
14748 143 7159 
15593 263 13198 
18010 30 1534 
14801 16 830 
14436 32 1639 
17264 2 103 
17204 50 2529 
16802 357 17869 
18631 192 9612 
14975 12 626 
16038 352 17639 
16290 5 264 
17037 14 730 
14558 288 14421 
16036 130 6513 
15292 84 4235 
18928 152 7608 
14918 149 7452 
15800 99 4985 
14870 84 4229 
16352 163 8170 
16850 89 4492 
15828 451 22575 
15927 67 3361 
16842 109 5495 
16842 125 6293 
14438 173 8652 
17313 140 7008 
17313 140 7016 
16348 41 2055 
17428 4 207 
17415 181 9098 
17057 125 6278 
14729 73 3664 
18779 165 8256 
17517 186 9333 
14717 10 538 
16150 66 3334 
15960 262 13149 
14822 35 1792 
15442 31 1593 
17493 0 49 
15799 100 5022 
14814 3 157 
17055 302 15135 
17972 186 9315 
15931 58 2902 
16299 108 5419 
15324 41 2093 
16494 40 2013 
18021 691 34597 
15234 5 293 
17668 77 3857 
15469 337 16879 
18574 305 15296 
16952 14 713 
16008 308 15430 
14293 154 7738 
14293 196 9807 
15941 28 1426 
17361 228 11445 
18258 58 2929 
18910 89 4469 
16847 50 2503 
16942 62 3111 
15701 63 3151 
15701 63 3182 
18021 593 29683 
18021 593 29696 
17552 83 4167 
14758 205 10279 
16978 235 11755 
14464 45 2286 
17985 285 14283 
17650 11 589 
17650 23 1165 
18035 137 6900 
18263 65 3251 
16751 249 12475 
14403 9 492 
14224 16 841 
16204 56 2834 
17972 251 12589 
17339 176 8837 
15254 46 2343 
14344 4 214 
14344 15 770 
15116 58 2905 
15116 278 13909 
17645 24 1250 
14545 63 3176 
14912 286 14318 
15464 271 13559 
17984 65 3283 
17984 123 6200 
14191 68 3401 
18650 144 7218 
14270 184 9214 
18663 41 2053 
17295 7 372 
15473 4 209 
18520 57 2862 
14162 9 464 
16843 132 6625 
16851 328 16411 
18955 174 8750 
16169 9 488 
16893 28 1427 
17398 30 1521 
17383 47 2361 
15467 20 1003 
15921 67 3375 
14743 74 3744 
17522 68 3402 
15182 105 5296 
16137 22 1128 
16094 321 16071 
15478 50 2530 
15153 103 5181 
14246 69 3498 
18692 76 3850 
17727 35 1769 
14172 32 1642 
18010 95 4799 
15875 42 2147 
15875 377 18880 
14756 125 6275 
18031 305 15266 
15391 49 2464 
15227 118 5925 
15909 30 1532 
16119 157 7877 
16119 234 11734 
16119 447 22399 
18603 167 8374 
17169 188 9417 
15160 217 10880 
14227 96 4816 
16312 175 8792 
15316 80 4034 
15257 96 4805 
14139 266 13345 
15751 34 1714 
14626 174 8741 
18032 513 25668 
16209 132 6619 
14438 235 11773 
14438 256 12846 
18574 63 3171 
17103 45 2290 
18603 225 11262 
18603 236 11812 
16304 106 5338 
16295 172 8650 
14722 195 9799 
17543 8 414 
16333 81 4085 
14516 47 2374 
17621 78 3913 
17601 79 3966 
17653 91 4568 
15315 75 3791 
14535 64 3221 
18752 41 2091 
15529 228 11401 
18210 118 5940 
16852 271 13588 
15708 55 2767 
15430 38 1923 
14788 92 4632 
18218 0 26 
15715 72 3624 
17575 46 2304 
14568 21 1089 
18208 28 1419 
15676 22 1112 
15709 1 86 
16525 0 39 
18883 33 1651 
17494 246 12345 
14427 245 12260 
14542 13 661 
16947 287 14355 
15722 79 3976 
14580 1 65 
16028 341 17093 
15432 26 1350 
14742 6 301 
14464 192 9622 
15662 3 190 
17055 427 21373 
17452 64 3209 
14816 149 7485 
16331 102 5140 
16378 54 2741 
15676 45 2254 
15676 111 5573 
18021 627 31369 
14124 126 6341 
14124 190 9518 
18286 187 9387 
17306 106 5346 
16935 62 3133 
17053 27 1358 
16341 293 14677 
16172 499 24975 
17780 30 1502 
16227 76 3820 
14527 0 50 
16731 280 14007 
17667 26 1341 
16883 93 4693 
17271 53 2692 
15182 31 1579 
18251 7 361 
18251 40 2016 
18057 162 8126 
14924 50 2518 
14956 17 854 
17655 6 322 
17955 212 10608 
15955 54 2732 
16819 12 638 
16272 312 15615 
15530 44 2250 
15530 128 6448 
15873 145 7287 
15873 265 13264 
18764 66 3301 
14143 18 909 
18059 82 4132 
14220 33 1693 
17021 10 524 
17364 36 1807 
14376 77 3887 
14376 87 4363 
17206 350 17536 
15179 112 5602 
14956 237 11879 
18678 357 17890 
15500 191 9574 
16846 282 14118 
14223 187 9380 
15353 8 409 
15353 153 7678 
15361 98 4933 
15361 123 6177 
18232 50 2504 
17684 67 3380 
16119 535 26765 
17762 9 494 
18032 30 1532 
16472 130 6520 
14736 214 10731 
17271 8 440 
14376 114 5731 
18018 28 1449 
17567 35 1764 
17615 11 596 
15901 115 5766 
15463 204 10207 
18754 37 1866 
16965 89 4482 
14713 76 3827 
16544 71 3575 
17990 516 25805 
18008 43 2151 
18021 376 18822 
16446 404 20219 
17985 258 12913 
17985 333 16686 
17193 16 820 
17193 16 846 
17193 25 1292 
17237 39 1987 
15416 143 7173 
14916 30 1532 
15238 167 8400 
14250 50 2548 
17965 36 1810 
17965 36 1825 
18926 192 9626 
14925 111 5577 
14925 157 7896 
18687 575 28770 
15448 10 538 
17309 173 8662 
18048 170 8505 
18226 60 3013 
18750 222 11105 
18621 0 32 
18621 5 299 
15596 10 545 
15957 87 4393 
15917 111 5566 
17089 86 4303 
17476 53 2676 
14911 41 2099 
14564 150 7505 
17840 384 19214 
17139 319 15977 
18685 291 14579 
15529 308 15437 
17356 189 9467 
14367 104 5217 
14959 242 12136 
17620 165 8261 
15013 294 14740 
14937 37 1882 
15867 150 7508 
17511 51 2581 
14271 27 1375 
15861 18 925 
17763 9 491 
18465 20 1017 
17057 46 2312 
14356 121 6070 
16205 447 22357 
15909 104 5213 
18692 148 7430 
14899 90 4514 
15442 23 1189 
14124 209 10477 
14124 233 11670 
18951 322 16102 
18779 121 6056 
17601 136 6812 
14550 107 5372 
15264 180 9004 
17563 72 3649 
17563 76 3844 
14427 266 13343 
17876 140 7045 
14464 189 9466 
14990 9 475 
14990 200 10031 
17875 18 920 
14954 19 953 
14439 33 1692 
18794 423 21176 
18008 71 3600 
16438 68 3444 
14205 11 570 
14455 266 13344 
17169 384 19204 
16994 143 7170 
17206 348 17411 
14690 23 1159 
17876 147 7400 
17616 31 1596 
18282 108 5415 
17267 117 5855 
18007 153 7680 
18701 190 9513 
14259 41 2069 
18044 498 24917 
16540 35 1777 
17955 200 10035 
15099 82 4117 
17494 43 2175 
16107 40 2050 
15689 17 858 
17631 120 6019 
17631 128 6412 
18874 83 4186 
17111 3 151 
18516 473 23679 
15897 43 2186 
18639 119 5993 
17695 15 763 
15147 142 7118 
16692 52 2621 
15920 9 486 
15920 28 1402 
18021 162 8124 
18786 20 1031 
17205 126 6350 
18272 11 569 
15422 81 4064 
15486 43 2176 
16275 89 4475 
17667 270 13534 
15931 1 85 
15931 463 23165 
17219 51 2597 
14556 163 8151 
16288 108 5445 
14379 94 4740 
18463 167 8375 
17128 92 4612 
18208 13 678 
18208 25 1276 
18753 41 2075 
18753 197 9897 
18794 90 4504 
14749 248 12412 
18752 193 9685 
14580 93 4672 
17087 210 10515 
14759 0 27 
15927 287 14377 
15927 309 15471 
14191 162 8149 
17083 78 3927 
17083 83 4165 
14740 5 275 
14740 5 288 
18527 345 17275 
17120 9 489 
14243 45 2289 
16526 14 723 
18225 566 28345 
18010 141 7076 
15529 12 635 
15529 12 645 
18795 60 3033 
15497 28 1411 
16161 11 595 
17667 208 10420 
14295 145 7289 
17339 331 16586 
15498 35 1778 
16169 169 8461 
14751 0 33 
15103 15 774 
14749 74 3730 
18779 152 7649 
16919 530 26548 
15320 50 2518 
17361 194 9725 
15117 41 2054 
17413 200 10026 
17181 0 31 
18926 116 5810 
18048 197 9879 
17361 203 10200 
14191 14 706 
16052 381 19097 
18885 63 3166 
17210 50 2542 
17134 7 374 
15511 205 10297 
14293 241 12097 
17683 231 11595 
18743 117 5870 
14812 247 12378 
17250 92 4639 
16852 149 7452 
15683 14 745 
18923 530 26504 
14897 35 1791 
15867 62 3145 
15588 29 1494 
14888 234 11726 
18474 98 4931 
16197 37 1882 
16446 28 1439 
17683 243 12166 
16472 107 5356 
14880 120 6018 
14256 27 1386 
18903 241 12092 
15267 186 9302 
14431 71 3569 
14609 149 7497 
14450 98 4912 
14450 153 7670 
17495 93 4657 
17495 260 13032 
14279 16 842 
16942 164 8222 
17382 10 519 
18265 211 10584 
15520 131 6597 
18792 30 1503 
17185 93 4658 
17620 35 1787 
14229 75 3771 
18923 19 970 
17869 58 2941 
17199 144 7220 
18795 30 1527 
18795 58 2945 
16960 194 9735 
14947 29 1487 
17459 14 706 
14450 39 1975 
15862 32 1619 
15386 73 3664 
15834 198 9915 
17240 185 9289 
17990 282 14110 
15948 16 833 
16013 174 8746 
17559 71 3558 
17057 32 1619 
14986 240 12024 
17219 113 5674 
14222 59 2979 
15677 256 12806 
17633 40 2012 
18860 184 9201 
17447 65 3260 
17760 10 505 
17760 13 700 
15296 147 7379 
15528 86 4321 
18625 6 349 
18765 146 7321 
15603 78 3936 
15603 168 8436 
15428 4 232 
17655 256 12849 
18062 45 2276 
16198 50 2550 
17568 36 1812 
14212 177 8853 
15639 152 7634 
14903 319 15998 
14544 166 8330 
16888 63 3169 
17655 48 2440 
17655 322 16118 
14600 6 315 
15098 41 2054 
15828 222 11110 
14643 19 992 
17612 18 902 
15799 124 6208 
14186 69 3474 
14186 150 7541 
17140 25 1292 
15129 19 975 
15867 34 1706 
16026 24 1220 
16696 53 2669 
15486 170 8539 
17652 1 75 
17652 1 81 
17652 34 1710 
15504 5 299 
17858 216 10818 
17858 265 13277 
14880 15 800 
16227 281 14072 
14473 1 69 
17191 15 779 
18796 13 663 
15378 9 491 
18622 53 2698 
15473 12 613 
18794 59 2978 
15780 175 8760 
16341 426 21329 
14915 176 8813 
15222 100 5018 
14729 149 7497 
14911 55 2784 
17611 33 1698 
16341 264 13242 
18666 131 6574 
17083 115 5753 
16420 27 1369 
16420 27 1394 
14598 55 2758 
15592 22 1126 
16843 19 990 
14452 102 5135 
14763 10 511 
15634 171 8595 
15292 9 489 
15391 257 12878 
15222 147 7363 
18604 37 1861 
15910 173 8670 
17872 84 4237 
14549 72 3623 
17861 145 7289 
14763 46 2303 
18479 90 4519 
17667 126 6323 
17493 183 9174 
15456 262 13147 
14174 70 3515 
15801 90 4511 
15801 182 9109 
16101 97 4892 
14239 24 1204 
17689 49 2471 
14722 213 10695 
14187 122 6116 
17865 155 7753 
17865 209 10481 
14225 10 540 
15118 69 3475 
17056 285 14262 
18233 157 7872 
14464 10 537 
18786 89 4485 
16280 1 76 
15122 169 8496 
18463 137 6870 
18463 137 6881 
18603 6 335 
15634 144 7210 
17637 11 552 
18794 103 5151 
17231 79 3953 
18922 297 14893 
15656 53 2668 
14903 139 6953 
16446 79 3973 
14392 66 3332 
14782 35 1776 
18258 30 1535 
14816 112 5639 
14816 277 13900 
17383 316 15831 
14901 73 3678 
17600 78 3928 
17312 136 6848 
15478 216 10839 
17355 89 4478 
14184 33 1653 
14882 124 6209 
15762 157 7884 
15931 114 5709 
15931 508 25440 
14375 140 7033 
18790 293 14671 
15778 181 9066 
15778 198 9932 
15778 198 9940 
15862 181 9064 
17509 69 3452 
18779 552 27644 
17358 58 2901 
15170 32 1614 
15177 15 760 
15436 295 14797 
16476 3 153 
17829 86 4305 
14824 304 15225 
16338 55 2794 
18743 162 8103 
18631 255 12772 
18951 231 11553 
18951 296 14823 
17661 63 3193 
17671 12 648 
14333 40 2011 
16089 7 396 
16778 45 2295 
17552 15 794 
16964 101 5100 
14751 24 1221 
17638 39 1951 
15478 45 2289 
15478 153 7686 
14789 140 7013 
14991 209 10481 
17250 84 4220 
17666 57 2858 
14975 153 7682 
17036 103 5194 
14379 183 9154 
18732 185 9253 
17984 86 4301 
17984 110 5525 
15603 39 1984 
18754 166 8323 
17137 5 272 
18753 76 3822 
17666 154 7712 
15801 230 11502 
14584 49 2500 
15118 55 2799 
14883 28 1430 
18574 263 13156 
14343 207 10369 
15500 74 3741 
15500 74 3744 
15528 6 315 
17469 103 5163 
18767 6 336 
15959 62 3107 
15118 38 1933 
17978 318 15915 
14367 226 11350 
14234 32 1633 
15867 35 1769 
17956 99 4953 
17956 136 6837 
14706 18 916 
15053 162 8146 
18010 301 15080 
18610 3 167 
18610 139 6977 
18527 474 23719 
14824 261 13064 
18057 14 706 
18631 110 5550 
17232 101 5075 
17781 3 184 
14146 48 2431 
14146 116 5813 
15155 32 1605 
17871 192 9605 
14965 65 3269 
17875 62 3105 
18258 3 175 
16212 46 2344 
17251 234 11732 
15367 6 340 
15931 235 11762 
15125 156 7830 
17131 228 11426 
18760 111 5582 
18731 160 8005 
15673 11 562 
15428 214 10717 
15875 214 10707 
15318 196 9832 
18021 506 25330 
18915 14 704 
18491 74 3728 
18233 249 12488 
15917 4 228 
16950 70 3530 
14248 2 108 
18750 247 12372 
15396 144 7245 
15504 230 11534 
14825 5 279 
17552 199 9965 
16022 236 11815 
18926 76 3812 
15267 76 3833 
15504 163 8188 
15834 56 2837 
15940 33 1660 
17874 79 3997 
14920 71 3577 
15473 113 5669 
15368 131 6574 
18752 455 22785 
17614 109 5478 
16008 116 5820 
17692 25 1281 
17692 176 8809 
18752 64 3202 
18752 67 3374 
18752 67 3399 
14431 26 1307 
15954 0 10 
15954 92 4640 
17005 85 4282 
16581 97 4860 
17478 20 1006 
14958 65 3289 
18286 74 3702 
16220 91 4585 
18781 5 252 
18781 108 5428 
16122 145 7296 
17517 171 8560 
15446 74 3737 
18021 9 460 
18021 9 496 
16134 329 16478 
15457 43 2195 
15457 101 5061 
17199 35 1767 
16118 191 9586 
14186 114 5731 
17641 50 2519 
16835 288 14402 
17029 155 7766 
17865 156 7829 
16275 49 2483 
16275 52 2606 
18760 228 11406 
15410 156 7829 
17120 14 709 
18732 69 3476 
17126 73 3672 
16834 1 94 
16694 271 13578 
18218 95 4800 
17356 36 1847 
17356 106 5319 
17441 11 582 
15236 41 2089 
18021 578 28923 
18021 702 35145 
14277 328 16411 
15588 107 5365 
17198 19 963 
17150 57 2886 
17956 256 12811 
15117 196 9807 
15828 402 20119 
15828 402 20128 
18712 231 11567 
15430 3 177 
17280 17 867 
17280 23 1173 
17280 49 2494 
16743 85 4272 
16743 85 4286 
17037 42 2127 
14129 40 2012 
14129 41 2082 
14965 121 6056 
14965 261 13052 
14177 37 1871 
17312 100 5003 
15140 61 3061 
15140 149 7460 
14774 236 11844 
16759 142 7127 
18021 126 6344 
17984 113 5691 
15489 39 1954 
15343 182 9119 
15334 11 580 
17135 17 866 
17352 189 9480 
16842 35 1793 
17070 93 4654 
17109 35 1779 
17687 19 980 
18760 102 5121 
15902 126 6349 
18732 119 5992 
18732 315 15754 
18732 395 19798 
15941 32 1615 
14342 20 1042 
15236 19 995 
17753 126 6320 
14223 28 1443 
14223 110 5541 
15116 219 10956 
18752 145 7282 
18021 565 28257 
18495 163 8171 
18574 32 1608 
18021 712 35636 
15529 37 1852 
15497 95 4780 
18508 359 17968 
18005 9 455 
14713 40 2039 
16495 16 831 
16495 69 3492 
14692 30 1515 
17861 109 5457 
18709 156 7825 
18922 0 27 
18922 0 48 
16059 48 2414 
16059 48 2447 
16059 75 3754 
16160 281 14063 
16160 296 14809 
18225 220 11038 
15676 193 9652 
16764 4 229 
14986 155 7783 
17534 95 4780 
14857 152 7647 
17552 203 10176 
17655 86 4301 
17655 261 13061 
18952 8 419 
14544 201 10077 
17858 176 8833 
17683 233 11691 
15227 104 5243 
17414 47 2376 
14295 25 1300 
14805 75 3787 
18021 61 3100 
14122 138 6942 
17418 12 646 
18219 210 10502 
18219 210 10538 
17100 20 1021 
18685 253 12678 
18685 323 16194 
18054 323 16197 
15463 221 11100 
16960 122 6141 
14438 255 12800 
17560 71 3571 
17560 92 4644 
17251 103 5192 
17960 107 5385 
16339 58 2901 
15801 13 677 
15801 445 22293 
16964 194 9724 
14925 144 7214 
18913 9 457 
17621 180 9017 
16733 64 3212 
18282 58 2923 
14427 253 12673 
14774 239 11956 
16776 202 10121 
15952 62 3115 
17494 171 8561 
16267 182 9130 
14240 3 169 
17730 14 728 
14942 47 2360 
16257 10 540 
15166 33 1697 
15116 234 11742 
18665 106 5346 
18665 251 12563 
17493 15 756 
16493 37 1877 
17122 15 776 
18242 149 7461 
15500 71 3568 
17406 102 5146 
16196 68 3405 
15923 120 6017 
17974 271 13590 
14746 127 6364 
15898 17 886 
16925 70 3538 
16094 83 4192 
18786 47 2378 
16979 6 335 
16979 18 910 
17467 82 4124 
17614 23 1180 
15128 201 10094 
14748 180 9014 
18010 173 8676 
15930 434 21725 
15482 57 2898 
17573 114 5743 
17686 228 11408 
18499 216 10816 
15228 115 5792 
14899 275 13760 
14899 275 13780 
16185 61 3083 
16185 84 4202 
16185 99 4951 
17078 97 4899 
17078 105 5270 
14914 20 1023 
16073 247 12362 
14770 8 426 
16467 2 104 
17963 68 3442 
17963 75 3776 
14971 67 3366 
15517 44 2224 
17703 26 1315 
17871 63 3180 
14551 257 12894 
18470 27 1375 
14279 150 7510 
16473 77 3875 
17316 45 2280 
16051 1 52 
18577 208 10422 
17774 7 395 
16910 120 6016 
15644 17 875 
14890 29 1486 
16440 189 9462 
17556 134 6707 
14428 227 11355 
15961 131 6589 
14526 39 1964 
16845 445 22284 
16845 495 24785 
15318 22 1125 
16581 214 10744 
16581 236 11821 
17135 39 1952 
18865 68 3418 
18865 108 5404 
17666 130 6516 
18760 152 7607 
18760 152 7609 
16536 35 1773 
18021 94 4712 
18021 626 31316 
14162 4 215 
14162 5 279 
17978 111 5566 
17978 188 9404 
15106 177 8879 
15797 51 2589 
14279 24 1208 
18250 11 587 
18010 149 7493 
17998 41 2092 
15801 122 6145 
17829 201 10074 
14136 30 1539 
17102 41 2061 
18951 223 11187 
18951 260 13039 
17106 42 2111 
17194 46 2350 
16326 83 4173 
17124 2 110 
15834 190 9512 
17056 328 16447 
17271 32 1643 
16198 92 4650 
18244 22 1102 
14407 44 2220 
17698 14 733 
17694 18 921 
16544 45 2279 
16544 65 3273 
16544 160 8041 
17055 142 7109 
18756 88 4425 
18212 16 826 
18212 47 2366 
18779 432 21644 
18779 497 24897 
14313 294 14734 
17671 279 13986 
14295 17 893 
16946 248 12414 
18026 161 8081 
18048 302 15143 
14445 7 393 
16694 160 8006 
14537 96 4827 
18010 66 3309 
18010 250 12516 
16513 42 2106 
14367 202 10108 
18699 179 8952 
15086 75 3752 
14404 17 862 
17726 31 1588 
17972 144 7211 
17693 229 11456 
15502 136 6813 
15961 316 15839 
15116 24 1234 
17215 35 1769 
18489 25 1255 
17356 139 6960 
14945 10 548 
14281 115 5774 
17144 155 7795 
16444 97 4852 
14173 4 231 
15145 224 11202 
14734 241 12079 
17866 34 1748 
18595 2 113 
17138 124 6225 
14631 97 4858 
17103 10 508 
18761 146 7302 
16439 36 1849 
15457 200 10044 
18732 15 763 
18732 83 4190 
18732 215 10790 
17835 117 5885 
17835 243 12184 
18021 84 4240 
15901 261 13075 
15901 373 18683 
15709 9 487 
18014 5 254 
17753 174 8741 
18752 35 1778 
18752 306 15329 
17256 150 7523 
14901 290 14519 
15427 70 3526 
14710 2 118 
14575 81 4097 
17226 32 1602 
15160 337 16881 
15677 339 16964 
15382 119 5970 
17162 141 7093 
14790 180 9033 
14886 26 1329 
14667 52 2616 
18241 34 1727 
17371 460 23007 
18574 294 14725 
14936 8 407 
14936 60 3048 
17662 181 9079 
18238 59 2998 
17383 51 2573 
17655 29 1482 
14746 37 1866 
15591 86 4305 
15894 113 5682 
15466 0 40 
15466 208 10411 
18258 34 1727 
17135 55 2771 
14537 33 1653 
17100 53 2666 
17100 221 11059 
17503 27 1392 
17503 220 11045 
15355 29 1487 
15295 18 940 
15448 90 4510 
15915 386 19348 
16158 458 22926 
16158 487 24383 
15910 130 6511 
17514 58 2905 
15231 18 909 
15231 108 5427 
18795 151 7600 
14551 48 2416 
16437 231 11576 
14143 184 9222 
17249 358 17922 
16274 40 2038 
18225 87 4375 
17693 307 15366 
18574 268 13428 
18665 344 17226 
14890 114 5749 
14344 22 1137 
17034 153 7668 
17684 3 161 
17475 22 1112 
17475 116 5803 
17494 276 13832 
14551 277 13854 
15440 32 1607 
15500 149 7493 
14676 25 1257 
14812 163 8177 
17630 104 5213 
14452 32 1638 
17662 135 6787 
16886 53 2664 
14934 105 5293 
14934 154 7736 
14643 282 14122 
15478 251 12590 
15478 279 14000 
17182 0 50 
14814 161 8084 
18731 230 11508 
15013 57 2857 
14377 135 6794 
18218 122 6106 
16578 31 1555 
15430 136 6846 
16052 361 18085 
16150 390 19535 
18748 326 16307 
15901 75 3763 
15901 357 17885 
15901 357 17898 
15266 67 3381 
17169 293 14655 
16119 225 11284 
14824 156 7826 
15799 173 8686 
15799 173 8692 
14783 8 441 
16160 169 8479 
15227 68 3418 
17410 23 1152 
17410 54 2749 
18687 373 18681 
18253 137 6875 
17482 41 2080 
17482 123 6160 
16094 33 1680 
16094 237 11894 
17552 95 4799 
18862 454 22720 
14368 259 12954 
18238 124 6231 
15969 123 6154 
16028 348 17425 
15464 189 9477 
15593 191 9558 
15593 229 11458 
18035 142 7128 
15800 26 1347 
15800 213 10670 
18032 429 21472 
17986 39 1953 
14771 230 11509 
16304 138 6926 
15692 14 706 
15692 14 750 
18010 75 3795 
18010 167 8364 
18010 167 8367 
15783 99 4998 
17856 69 3499 
17871 224 11239 
18631 175 8793 
17693 244 12201 
15961 380 19028 
14313 141 7060 
15348 303 15167 
16043 55 2755 
16299 84 4214 
18010 179 8966 
17171 48 2412 
18676 568 28443 
17196 1 90 
17751 2 108 
17112 116 5840 
18923 26 1304 
16225 63 3154 
16225 78 3944 
18516 307 15367 
18761 74 3724 
18527 356 17823 
18527 356 17848 
15294 14 741 
14297 113 5700 
17726 57 2892 
17433 8 446 
16731 471 23597 
17389 42 2128 
18010 275 13792 
16744 101 5100 
15880 3 178 
16787 5 270 
15335 16 832 
17855 166 8324 
14559 115 5779 
14559 258 12940 
17840 314 15735 
17579 1 99 
17415 113 5656 
17415 113 5678 
18007 46 2308 
17846 79 3995 
18062 185 9253 
17355 63 3178 
16852 346 17307 
17257 39 1962 
17257 99 4993 
14279 7 357 
15900 63 3175 
16442 74 3745 
18922 145 7276 
18922 629 31499 
16125 80 4003 
14301 254 12731 
17849 133 6694 
14196 16 834 
16853 181 9068 
15462 11 592 
14175 53 2666 
15931 251 12595 
15931 316 15843 
18732 140 7013 
17497 184 9238 
15838 1 100 
15838 3 167 
16312 82 4147 
17517 165 8266 
15353 128 6409 
17871 346 17302 
17228 27 1381 
14430 13 698 
15656 23 1162 
17367 97 4864 
15701 56 2805 
16949 189 9474 
16424 284 14221 
17415 59 2984 
17415 99 4964 
15299 26 1337 
16424 81 4073 
