Run Subrun Event
13793 292 14635 
14021 186 9345 
13745 106 5314 
14031 2 122 
14060 51 2575 
14095 52 2601 
13928 103 5177 
14026 29 1468 
13926 81 4064 
13956 22 1124 
13757 63 3181 
13757 92 4623 
14066 53 2683 
14008 194 9732 
13868 152 7628 
13868 183 9171 
13911 58 2916 
13950 91 4565 
13921 34 1716 
13982 57 2888 
14077 44 2209 
14023 82 4128 
13911 73 3686 
14065 68 3436 
14012 16 846 
13809 79 3962 
13873 22 1116 
13979 82 4111 
14068 174 8720 
14108 185 9273 
14108 219 10990 
13910 4 218 
13910 27 1374 
13809 130 6549 
13950 176 8807 
13790 62 3115 
13790 71 3584 
13984 42 2137 
14039 69 3480 
13986 12 649 
14049 11 600 
14011 13 693 
13865 128 6448 
13865 133 6665 
13865 143 7174 
14047 175 8775 
13990 110 5502 
13799 1 51 
13989 2 106 
13864 61 3080 
14115 67 3361 
14088 1 69 
13990 0 30 
13874 177 8899 
13896 108 5429 
13907 64 3231 
14103 20 1049 
13779 230 11506 
14101 47 2383 
14067 33 1678 
14067 175 8768 
13991 159 7981 
13991 181 9096 
14007 54 2719 
13773 115 5797 
14007 172 8632 
13928 121 6098 
14112 16 847 
13957 2 148 
14049 105 5255 
14010 64 3226 
14010 102 5114 
14076 100 5006 
14112 142 7109 
14059 52 2618 
13794 34 1727 
13776 78 3937 
13988 10 531 
13950 32 1643 
14116 25 1295 
13897 103 5190 
14017 93 4659 
14017 194 9705 
14032 1 73 
14032 7 391 
14032 115 5753 
13888 5 296 
14080 219 10990 
13945 179 8970 
13945 243 12178 
14008 60 3006 
14008 196 9836 
14073 98 4949 
14073 175 8753 
14001 29 1452 
13728 174 8747 
14035 14 724 
14009 48 2402 
14093 63 3190 
14053 81 4062 
14066 66 3350 
13937 85 4299 
13937 210 10506 
14047 34 1722 
14062 137 6862 
13936 20 1039 
13936 33 1681 
14093 36 1810 
14103 169 8474 
13779 253 12684 
13993 72 3629 
14080 218 10903 
13791 67 3352 
13731 6 336 
14062 225 11299 
13923 169 8499 
14095 65 3287 
14095 127 6377 
14095 185 9290 
13965 44 2217 
14114 38 1937 
14010 175 8800 
14055 13 664 
14108 157 7868 
13806 10 538 
13736 141 7057 
13955 52 2615 
14007 60 3027 
13765 23 1198 
13938 35 1800 
13938 103 5152 
14022 64 3249 
13776 6 301 
13909 107 5392 
14040 11 585 
14115 249 12472 
13789 58 2914 
14084 32 1636 
14032 134 6739 
13883 0 43 
13910 13 689 
13910 87 4357 
14075 6 308 
14021 175 8781 
14021 185 9282 
13889 107 5368 
13762 179 8971 
14105 135 6760 
14112 174 8741 
14058 131 6558 
13721 205 10280 
14066 1 76 
13762 112 5643 
13762 110 5526 
14039 42 2121 
13935 0 35 
14079 106 5325 
14079 203 10172 
14112 225 11299 
14020 143 7156 
13872 33 1680 
13907 13 691 
13894 59 2977 
13733 7 400 
13806 40 2025 
13900 21 1053 
13991 124 6201 
13965 0 40 
13862 58 2935 
14038 112 5641 
14112 216 10847 
14042 35 1800 
13715 129 6463 
14035 36 1849 
13947 17 886 
14024 48 2405 
13877 140 7008 
13977 41 2079 
13977 58 2912 
13977 116 5833 
13791 2 101 
13898 114 5716 
13894 58 2919 
13922 66 3305 
14058 24 1208 
13908 5 296 
13737 72 3637 
13996 76 3838 
14032 142 7124 
13962 2 117 
13780 91 4572 
14080 102 5104 
14080 224 11230 
14007 39 1968 
14007 183 9200 
13922 9 494 
14096 125 6274 
14096 156 7817 
13942 89 4460 
14026 132 6640 
14073 165 8276 
14073 255 12797 
13923 194 9718 
13923 222 11108 
14012 21 1072 
14108 30 1504 
13902 90 4541 
13797 9 491 
14023 18 930 
14110 21 1053 
13912 189 9469 
14017 169 8459 
13805 181 9056 
13805 251 12570 
14014 18 948 
13937 70 3541 
13937 224 11248 
14038 118 5933 
13873 16 807 
14073 145 7271 
14073 266 13322 
13868 151 7600 
13909 126 6320 
13764 105 5258 
13764 121 6065 
13809 155 7797 
13928 11 575 
13928 193 9672 
14077 76 3804 
14023 7 385 
14023 87 4398 
14023 126 6305 
14062 106 5329 
13745 136 6809 
14062 170 8531 
13950 86 4314 
14062 4 215 
14062 121 6068 
14062 222 11137 
13732 128 6446 
13913 16 826 
13913 57 2888 
13913 151 7552 
14101 125 6263 
13992 103 5168 
13793 105 5281 
13902 14 732 
14008 189 9461 
14076 47 2359 
13928 212 10636 
14067 164 8202 
14047 150 7550 
13793 179 8960 
14073 57 2874 
14073 93 4656 
16850 117 5856 
16818 96 4805 
16524 118 5913 
16879 7 373 
16160 249 12451 
16197 32 1610 
16145 48 2433 
16795 84 4223 
14338 31 1565 
16851 12 639 
15337 33 1680 
14722 96 4801 
15419 1 86 
16199 484 24250 
16990 9 458 
14368 44 2226 
15092 53 2693 
14667 36 1847 
16219 152 7646 
16921 74 3729 
14161 125 6252 
14938 18 903 
16761 103 5187 
16761 103 5189 
16761 196 9807 
14436 50 2508 
16817 24 1231 
15413 40 2045 
15293 47 2371 
14347 32 1646 
14347 81 4068 
14347 91 4589 
16734 39 1992 
15017 186 9325 
15093 80 4039 
14890 102 5111 
14921 88 4416 
14263 88 4401 
14263 275 13773 
15580 6 331 
17002 58 2904 
15469 178 8914 
14772 141 7065 
16741 486 24333 
14959 53 2651 
14782 91 4581 
14134 103 5166 
17494 286 14310 
16668 43 2190 
15498 83 4173 
15498 137 6897 
16059 71 3581 
15160 397 19858 
14814 75 3759 
14814 202 10120 
15360 46 2301 
15360 171 8586 
14369 121 6054 
14369 143 7175 
16506 219 10994 
16944 290 14510 
15361 182 9149 
15427 67 3380 
15427 82 4148 
15086 107 5382 
17206 363 18192 
17065 75 3782 
17493 315 15753 
15438 1 68 
16444 11 599 
16785 16 834 
16910 147 7352 
15274 63 3164 
14428 278 13910 
14428 284 14228 
15873 232 11609 
15873 242 12127 
14644 224 11250 
14327 29 1472 
14149 176 8826 
15103 98 4915 
14161 68 3446 
14358 66 3315 
14741 203 10191 
16258 26 1316 
14726 104 5201 
15422 111 5559 
15348 252 12622 
17231 21 1069 
16894 68 3428 
16923 60 3032 
15450 120 6007 
15273 165 8255 
16414 56 2836 
15297 72 3605 
14631 36 1824 
14677 62 3121 
16676 137 6884 
16676 172 8636 
17489 136 6803 
14811 6 308 
16036 125 6266 
14722 59 2964 
16499 442 22147 
16676 296 14841 
14886 142 7150 
16855 7 359 
16113 79 3963 
14875 17 898 
16173 93 4688 
14413 7 380 
14775 20 1008 
14998 44 2216 
14998 152 7630 
16011 46 2311 
16011 51 2566 
16008 302 15110 
14218 185 9261 
15421 153 7661 
14227 70 3512 
15478 55 2789 
17119 27 1368 
15965 220 11027 
17499 8 403 
14990 252 12604 
14268 42 2123 
14801 97 4864 
14801 189 9475 
14801 268 13422 
14934 9 480 
15875 346 17306 
15875 427 21399 
14746 88 4447 
14746 119 5986 
16378 75 3797 
14335 125 6284 
14335 166 8337 
16962 173 8657 
15437 3 188 
15447 197 9858 
14915 102 5128 
14915 221 11055 
16442 27 1386 
16442 94 4750 
16442 144 7242 
16203 3 162 
16203 108 5432 
16203 166 8345 
16203 261 13067 
14129 1 76 
16028 86 4323 
14425 30 1503 
14425 168 8403 
14431 95 4768 
14431 116 5817 
17566 48 2445 
16036 107 5400 
15502 96 4811 
15592 147 7379 
14770 245 12269 
16869 84 4228 
16869 116 5817 
14253 1 62 
15271 15 790 
15271 28 1418 
14883 47 2367 
17497 77 3864 
14816 60 3039 
14830 12 648 
16743 43 2169 
15975 90 4528 
16219 263 13156 
16835 150 7539 
14824 197 9853 
16113 319 15967 
16113 382 19114 
16932 57 2878 
14954 53 2665 
16232 28 1402 
15362 0 19 
15362 32 1610 
16067 36 1834 
15153 50 2517 
16946 63 3188 
14998 83 4188 
16683 48 2430 
14913 120 6013 
14948 70 3526 
14948 129 6469 
14152 98 4924 
16518 36 1832 
16964 438 21920 
14531 8 425 
16507 122 6112 
16507 132 6602 
16507 144 7204 
17506 9 461 
16266 238 11929 
16750 121 6074 
16750 125 6276 
14165 80 4040 
14165 125 6284 
14329 51 2568 
14329 184 9232 
14329 290 14541 
15442 131 6574 
14148 88 4443 
14148 92 4614 
14641 50 2543 
15923 300 15048 
15923 327 16354 
16225 69 3493 
16225 234 11704 
15486 131 6558 
15116 12 645 
15116 76 3808 
14154 47 2388 
15948 92 4630 
15138 3 158 
14937 15 759 
14937 25 1287 
15960 173 8658 
16167 73 3695 
16951 174 8707 
17036 203 10151 
17036 348 17406 
17036 386 19308 
14825 32 1609 
16134 307 15400 
15073 15 765 
15073 102 5145 
14260 145 7276 
14912 297 14854 
14944 48 2414 
16807 160 8006 
16873 85 4279 
16389 110 5517 
15249 67 3388 
15249 147 7356 
16964 274 13725 
16469 53 2693 
14902 107 5395 
14399 89 4459 
15588 105 5284 
15588 277 13885 
14281 294 14722 
14344 34 1728 
15909 117 5899 
15909 249 12456 
16753 11 560 
14788 40 2027 
14692 47 2393 
14161 74 3741 
15294 99 4999 
14356 77 3878 
14814 205 10265 
16666 160 8037 
14903 126 6326 
14903 274 13748 
14903 319 16000 
16978 77 3877 
14340 44 2216 
16122 35 1760 
17162 26 1319 
17070 240 12043 
16522 0 3 
16348 43 2159 
15421 55 2768 
15128 54 2737 
15360 29 1488 
14211 92 4642 
16358 9 471 
16835 268 13406 
14900 58 2909 
14271 250 12546 
14872 15 780 
16527 60 3005 
16753 32 1650 
15897 74 3748 
16310 300 15002 
16310 314 15712 
16750 59 2983 
16750 138 6910 
14534 16 834 
16909 8 419 
16382 9 483 
15153 82 4141 
15943 17 887 
15943 22 1148 
15943 58 2908 
15407 111 5597 
14188 1 69 
16416 5 277 
16694 108 5422 
16694 279 13996 
15915 287 14394 
16011 41 2082 
15290 29 1451 
17471 59 2988 
16890 12 620 
14467 81 4096 
16568 17 864 
16685 15 771 
14647 16 801 
14914 107 5357 
15296 252 12619 
16384 8 430 
16802 132 6608 
17004 59 2994 
15960 532 26643 
16519 77 3862 
17194 55 2788 
14978 38 1913 
14978 45 2259 
14226 5 261 
14272 48 2402 
14272 70 3544 
16685 55 2786 
14749 204 10214 
14749 309 15468 
17073 153 7697 
16584 83 4197 
14882 160 8023 
16741 475 23792 
16738 163 8169 
15367 32 1629 
14924 117 5890 
14882 75 3781 
15162 60 3022 
14121 122 6118 
15447 62 3105 
15447 161 8051 
16493 1 61 
15437 6 306 
16874 245 12287 
15463 66 3341 
15463 166 8303 
15463 210 10521 
15463 290 14522 
16514 41 2075 
16147 96 4809 
17503 124 6208 
15252 43 2177 
15683 31 1592 
15900 87 4366 
16191 39 1952 
14828 213 10666 
14295 30 1533 
16552 77 3885 
14259 170 8518 
16557 29 1494 
16387 222 11124 
14152 186 9310 
15251 81 4084 
15251 148 7442 
16581 53 2676 
16581 95 4755 
14357 28 1428 
14945 0 27 
15450 131 6589 
14549 49 2481 
14383 36 1808 
15708 29 1466 
16555 3 176 
16555 22 1121 
14971 104 5238 
16389 33 1675 
16743 32 1635 
17124 11 591 
16864 249 12485 
16480 15 776 
16666 94 4707 
16888 184 9214 
15417 20 1009 
16200 84 4209 
15473 243 12165 
15783 49 2462 
15783 201 10091 
15783 220 11024 
15246 60 3045 
14223 26 1348 
16115 31 1572 
15464 98 4902 
16821 27 1399 
14986 125 6261 
14986 166 8305 
14328 17 854 
15966 226 11313 
14269 124 6228 
16017 22 1128 
14899 236 11828 
14899 299 14966 
14274 35 1775 
17237 62 3142 
15296 8 408 
14877 227 11395 
14873 234 11743 
16851 312 15625 
16186 129 6452 
16186 146 7315 
17111 120 6022 
17111 155 7761 
15361 30 1528 
14637 3 155 
15466 160 8015 
14887 12 648 
14887 75 3770 
14157 29 1458 
15275 66 3323 
14891 206 10341 
15975 56 2821 
15975 99 4998 
16042 48 2447 
14586 36 1837 
15140 202 10104 
15035 21 1091 
14558 87 4392 
16090 122 6103 
14888 38 1913 
14888 249 12461 
15677 193 9675 
15677 346 17317 
14790 94 4731 
14790 176 8846 
16909 3 183 
14325 21 1093 
16051 133 6666 
16051 189 9483 
14758 75 3761 
16797 77 3851 
15336 23 1151 
15412 288 14444 
16874 360 18044 
14812 327 16400 
16022 396 19849 
15495 76 3828 
17155 94 4725 
16731 72 3619 
16731 342 17146 
14918 41 2061 
15966 423 21199 
14172 57 2860 
15875 435 21764 
15875 530 26542 
16584 59 2955 
15963 50 2502 
14806 256 12813 
16965 209 10469 
14935 3 197 
14935 79 3977 
16125 238 11932 
16322 45 2261 
15988 107 5394 
16588 213 10675 
16588 225 11253 
16588 233 11682 
16307 73 3693 
16036 13 690 
16873 113 5657 
17240 129 6476 
15862 226 11341 
15873 313 15668 
16921 182 9106 
14202 80 4008 
17466 9 477 
17466 15 785 
14813 65 3279 
16802 89 4456 
16802 197 9891 
16802 406 20323 
14741 53 2662 
14790 76 3802 
14719 18 919 
16214 126 6341 
16471 127 6385 
15348 4 215 
15127 84 4227 
15931 176 8807 
15061 254 12704 
16697 60 3049 
15436 147 7355 
15436 178 8907 
14771 114 5706 
14771 162 8143 
14771 265 13286 
15353 40 2035 
14127 77 3851 
14127 142 7143 
17177 58 2915 
14597 77 3869 
14870 174 8750 
14870 191 9594 
14870 271 13582 
14874 147 7400 
14901 119 6000 
16978 239 11972 
16864 217 10876 
14771 224 11226 
14552 110 5503 
15348 50 2526 
15348 310 15506 
14381 24 1206 
16119 12 628 
16877 42 2131 
14283 10 524 
16023 352 17625 
16794 1 82 
15965 52 2638 
16802 2 141 
16802 346 17350 
17517 7 397 
17517 109 5483 
14876 8 420 
14557 60 3016 
16041 118 5906 
16410 175 8754 
15970 238 11917 
14949 76 3844 
15136 65 3272 
14725 60 3003 
15140 113 5678 
14278 54 2711 
14278 62 3102 
16158 399 19980 
16150 209 10465 
15364 44 2240 
14358 112 5604 
16813 12 621 
16813 33 1670 
16817 72 3640 
15351 53 2700 
17503 30 1548 
14151 42 2129 
16021 14 734 
16826 6 344 
16453 38 1903 
16453 363 18177 
15151 249 12466 
16685 7 361 
16038 316 15838 
15987 387 19376 
15987 477 23900 
15799 194 9712 
16894 23 1199 
16022 124 6237 
16854 62 3121 
16854 68 3403 
15299 25 1297 
15530 136 6825 
14626 107 5376 
14300 19 998 
14271 0 11 
15348 125 6279 
14802 183 9155 
14123 99 4993 
17144 143 7160 
15430 43 2159 
14259 287 14390 
17240 81 4077 
14301 297 14895 
15421 155 7776 
15421 186 9312 
16889 207 10385 
15368 52 2639 
16935 418 20903 
16379 4 202 
14940 9 458 
14899 203 10200 
15988 63 3182 
16551 92 4601 
14139 139 7000 
14635 15 762 
15927 177 8853 
15116 188 9413 
16579 22 1105 
17561 42 2122 
16042 47 2392 
15290 16 816 
15000 3 162 
15919 58 2915 
16664 30 1545 
15152 43 2153 
15152 46 2309 
15422 170 8507 
15989 514 25730 
15243 70 3503 
14924 129 6451 
16693 84 4233 
16693 225 11271 
15554 210 10531 
16205 1 66 
16205 42 2125 
16205 294 14743 
16817 88 4430 
15251 78 3931 
15251 126 6350 
15360 163 8190 
16298 193 9679 
16466 80 4041 
14367 273 13675 
14367 313 15662 
14127 246 12305 
16059 27 1378 
16387 84 4204 
17478 5 251 
17478 129 6495 
14372 213 10681 
14133 101 5089 
14186 54 2723 
14186 137 6892 
15267 155 7760 
17484 137 6875 
15061 221 11056 
14725 26 1333 
14725 120 6022 
15312 36 1815 
17497 93 4679 
14857 20 1048 
14642 32 1603 
15715 93 4689 
15416 52 2619 
15528 118 5941 
16949 46 2319 
14942 198 9940 
14942 272 13633 
14976 110 5525 
14623 209 10451 
17132 335 16767 
17132 540 27049 
14880 65 3252 
14880 67 3384 
17011 205 10288 
15099 128 6404 
14631 116 5814 
14903 11 590 
14903 320 16020 
16493 8 405 
14986 159 7972 
16172 165 8263 
16172 477 23896 
16172 512 25602 
16172 525 26294 
16929 93 4667 
14870 117 5897 
15591 105 5266 
14134 126 6336 
16823 7 362 
16823 62 3126 
16134 361 18085 
17497 250 12520 
16684 55 2762 
16823 161 8070 
16569 27 1366 
14271 68 3402 
14981 159 7960 
15910 227 11375 
14925 95 4761 
14925 108 5444 
17563 20 1015 
15436 174 8701 
16226 29 1474 
15411 14 748 
16557 182 9131 
14174 144 7232 
16453 308 15439 
14756 89 4494 
14956 243 12170 
17048 43 2170 
15677 372 18607 
17517 24 1244 
17517 184 9235 
15291 292 14624 
16935 107 5357 
16935 330 16546 
14356 70 3511 
16355 58 2930 
14789 131 6570 
15345 228 11424 
16467 266 13307 
14192 33 1685 
15976 17 891 
14873 313 15684 
15999 7 360 
15961 271 13573 
14418 4 220 
15473 9 451 
15473 149 7458 
15983 44 2228 
16469 5 281 
15345 130 6541 
15345 169 8488 
15345 238 11918 
15682 8 447 
15918 9 467 
16006 175 8788 
16006 347 17363 
14625 60 3005 
16944 235 11784 
14281 16 810 
14281 152 7614 
14281 230 11517 
16088 15 792 
15822 21 1085 
14954 12 624 
16379 180 9043 
14544 293 14671 
14291 184 9245 
14291 201 10085 
14291 211 10567 
17033 79 3985 
14542 287 14370 
17055 344 17229 
17055 395 19797 
14239 6 327 
14239 66 3303 
14891 94 4701 
14124 73 3693 
14310 2 114 
14310 4 226 
14310 7 389 
14310 16 842 
14310 43 2185 
16222 97 4895 
16222 146 7308 
14923 33 1669 
15987 78 3934 
15350 176 8818 
15350 191 9578 
14406 1 61 
14406 6 322 
14235 54 2709 
14927 99 4969 
14907 14 724 
14907 23 1172 
15328 127 6358 
15328 193 9667 
15930 244 12209 
15876 15 777 
16546 19 966 
15343 114 5720 
15514 85 4253 
15358 4 244 
14914 268 13427 
17217 41 2068 
14357 50 2501 
16026 154 7723 
14558 172 8607 
14558 281 14055 
15593 10 541 
15593 13 660 
14549 91 4595 
14926 22 1118 
16581 262 13115 
16873 116 5808 
15516 43 2178 
15592 8 432 
15592 116 5815 
15983 290 14531 
14171 24 1226 
14206 152 7625 
15366 59 2957 
15466 10 544 
15933 296 14817 
15431 53 2682 
15054 52 2609 
14582 88 4412 
15407 289 14487 
16042 86 4310 
14671 22 1116 
16252 5 289 
16252 154 7741 
16783 76 3845 
16079 3 179 
14321 90 4549 
15876 53 2674 
16322 41 2064 
17482 104 5215 
14432 11 598 
15017 124 6231 
15017 189 9452 
17500 10 548 
17500 48 2449 
17500 70 3543 
15970 434 21708 
14159 48 2447 
14159 98 4913 
14159 125 6259 
15785 55 2797 
17469 106 5312 
15262 1 81 
16052 244 12210 
16052 501 25051 
16119 331 16565 
14559 224 11240 
16939 8 438 
14967 7 388 
14878 72 3629 
14729 189 9479 
14539 63 3180 
14539 205 10252 
16424 252 12637 
14194 55 2793 
16895 17 857 
15111 131 6560 
16879 13 660 
16883 35 1788 
16883 116 5840 
16307 18 914 
14212 247 12377 
15903 24 1201 
14975 0 36 
14975 146 7330 
14975 167 8377 
15412 147 7381 
14771 210 10535 
14771 278 13914 
14436 182 9119 
17521 57 2875 
15966 154 7721 
15966 269 13492 
16821 409 20495 
15415 214 10719 
15061 167 8391 
16075 190 9502 
14232 4 243 
16524 100 5026 
15794 69 3463 
16173 34 1739 
15589 4 219 
16923 93 4684 
16332 12 609 
14925 91 4552 
14925 146 7325 
14831 26 1325 
14831 143 7198 
14831 279 13973 
14184 5 296 
17493 113 5677 
17556 111 5596 
14293 42 2147 
15926 4 207 
16199 90 4528 
16199 498 24938 
17495 174 8705 
14598 13 696 
14939 36 1840 
14939 97 4900 
14939 98 4927 
14748 8 434 
14857 48 2415 
17138 19 984 
16975 37 1865 
14673 23 1189 
14673 71 3591 
14392 208 10422 
16973 18 931 
17488 113 5684 
17488 229 11500 
15297 66 3304 
15871 6 317 
14989 31 1598 
16446 70 3550 
15295 79 3981 
15900 86 4303 
15900 89 4462 
14768 103 5187 
15297 276 13834 
16963 233 11687 
14985 99 4983 
14611 20 1041 
14611 50 2540 
16352 272 13632 
16352 398 19930 
14143 138 6914 
15326 3 181 
14245 115 5763 
16159 81 4095 
14763 115 5785 
16239 45 2262 
17055 56 2823 
14878 173 8686 
15318 152 7628 
14393 25 1278 
16965 44 2227 
15489 48 2449 
15489 102 5132 
15989 190 9532 
15989 246 12303 
16746 9 483 
15343 98 4926 
14124 161 8079 
16437 222 11110 
16551 403 20189 
17198 10 505 
15952 51 2573 
15949 170 8522 
17495 214 10710 
15466 171 8592 
14907 10 522 
15894 57 2857 
14768 38 1919 
16873 44 2240 
15146 25 1260 
15146 123 6152 
14822 6 311 
14467 84 4228 
17029 125 6299 
15343 52 2648 
17132 48 2415 
17132 238 11941 
16894 97 4867 
14356 39 1954 
14356 109 5496 
15118 157 7894 
14918 10 549 
17136 35 1770 
16448 59 2963 
16851 181 9065 
16499 308 15421 
16021 109 5495 
14736 128 6430 
16965 213 10668 
14375 27 1396 
14967 37 1857 
14165 66 3317 
16742 88 4413 
14812 173 8684 
14256 6 337 
14342 62 3107 
16751 293 14698 
16323 11 576 
14298 35 1768 
16869 78 3910 
16394 52 2628 
14324 26 1320 
16853 86 4326 
16853 250 12538 
16506 11 566 
16878 164 8242 
16878 188 9425 
16787 45 2288 
14225 18 902 
16227 103 5171 
16884 21 1067 
15498 48 2446 
17213 71 3584 
14153 17 857 
14756 37 1864 
14756 73 3665 
16225 124 6205 
14884 73 3683 
14884 194 9733 
15427 224 11216 
14260 107 5397 
14260 129 6468 
16898 4 208 
15931 64 3227 
14828 25 1283 
17482 1 89 
15287 11 556 
15862 245 12292 
15923 32 1622 
15923 180 9011 
14367 240 12018 
16517 5 297 
14979 65 3294 
16894 214 10738 
15976 60 3032 
14543 292 14605 
14893 150 7546 
17561 43 2188 
14135 4 247 
15500 272 13605 
17103 74 3749 
15511 37 1873 
15102 42 2149 
16075 529 26491 
15713 48 2424 
15491 48 2423 
16346 27 1393 
16346 223 11151 
17080 46 2314 
15986 89 4477 
14876 3 178 
14184 20 1021 
15436 36 1837 
15436 288 14443 
16058 42 2121 
16058 105 5297 
14824 144 7247 
16694 246 12305 
14979 57 2863 
15861 100 5002 
14734 192 9635 
15411 119 5980 
16225 129 6475 
16205 256 12813 
14183 34 1728 
14559 176 8841 
14559 256 12850 
16963 162 8120 
15484 35 1756 
16664 120 6002 
15442 190 9542 
15012 7 368 
14186 194 9728 
16205 435 21789 
14543 147 7377 
15128 246 12323 
15128 250 12522 
14243 92 4618 
14692 18 910 
14974 20 1021 
15966 73 3685 
15966 282 14127 
16468 5 282 
16731 486 24326 
14873 69 3465 
14873 69 3485 
14873 129 6497 
14873 214 10719 
16386 12 602 
16386 39 1955 
16386 78 3919 
14609 216 10825 
17220 4 240 
17220 4 245 
14337 0 22 
17500 18 927 
16113 316 15833 
14526 129 6454 
15053 88 4447 
15053 112 5632 
15053 164 8238 
17065 40 2037 
17065 130 6548 
17459 31 1599 
15794 7 390 
17482 108 5411 
16036 136 6825 
14901 47 2383 
14901 154 7721 
14901 314 15702 
14550 275 13780 
16676 179 8954 
16994 48 2446 
16310 324 16209 
16453 71 3560 
15497 90 4506 
15497 175 8758 
15054 53 2693 
15054 73 3657 
15870 6 312 
15870 15 758 
15456 202 10101 
15146 119 5953 
16052 371 18591 
16489 29 1474 
14642 121 6079 
15517 98 4929 
15989 357 17870 
14301 278 13922 
16403 31 1587 
16403 87 4379 
14358 196 9814 
17488 158 7903 
16314 79 3990 
14825 43 2151 
15975 82 4122 
17188 19 975 
16040 15 765 
16040 71 3575 
14807 124 6230 
16387 166 8309 
16565 17 867 
15427 122 6144 
16075 417 20891 
16075 517 25857 
16557 129 6466 
15828 418 20942 
16802 238 11947 
15528 398 19919 
15528 402 20112 
14798 10 541 
17162 102 5109 
15504 152 7621 
16952 27 1359 
16923 269 13456 
15324 2 107 
15420 17 895 
17128 46 2349 
17128 63 3173 
15308 121 6053 
14408 1 93 
14408 30 1549 
15946 429 21487 
14379 190 9516 
14195 184 9209 
14154 135 6797 
14915 35 1764 
14915 35 1794 
14915 71 3559 
14935 299 14962 
15961 517 25885 
15053 119 5995 
14877 97 4879 
14877 127 6370 
16179 19 972 
16179 43 2180 
14754 25 1291 
16921 32 1635 
16921 149 7498 
16406 17 890 
14882 82 4102 
14225 33 1684 
14225 46 2305 
17095 123 6166 
14223 129 6467 
16573 129 6469 
14603 30 1504 
16573 197 9887 
16901 46 2320 
17494 193 9692 
17494 274 13728 
17494 300 15018 
14766 43 2182 
14766 54 2727 
15155 22 1113 
15090 0 39 
15516 44 2233 
14795 57 2899 
14645 48 2402 
17239 161 8090 
16022 500 25044 
15875 64 3222 
14124 66 3304 
14269 132 6601 
16160 121 6074 
16160 298 14902 
14828 81 4079 
14828 181 9093 
16659 10 537 
15959 44 2224 
14956 112 5618 
14315 38 1929 
14154 120 6024 
16378 62 3141 
16378 270 13513 
16204 19 997 
16315 74 3743 
15166 94 4742 
15166 315 15772 
14643 67 3351 
14643 280 14043 
14643 285 14287 
16826 114 5706 
15166 23 1191 
15166 350 17550 
14580 76 3849 
14159 251 12576 
14216 112 5608 
14816 263 13187 
15923 237 11897 
14216 25 1300 
14216 27 1393 
15877 11 587 
14926 10 516 
14816 49 2495 
14816 242 12104 
14140 0 4 
15511 111 5566 
15554 89 4483 
16089 20 1012 
16089 388 19409 
17034 167 8382 
15098 13 690 
17237 257 12858 
16185 62 3106 
14684 4 238 
16051 175 8753 
15426 119 5986 
15182 77 3856 
15291 125 6281 
15291 241 12072 
15762 150 7535 
15762 171 8595 
14938 19 955 
15471 85 4254 
14356 252 12645 
16864 303 15154 
14901 286 14326 
14643 38 1945 
14270 195 9781 
16834 198 9928 
17517 11 581 
17517 167 8359 
17517 312 15623 
14191 87 4360 
14191 166 8314 
15407 160 8049 
15873 161 8099 
14171 96 4840 
14758 23 1159 
14758 67 3370 
14758 155 7763 
15065 41 2100 
15762 114 5711 
15762 304 15202 
14545 23 1151 
14545 81 4099 
15002 36 1805 
15002 38 1905 
16094 18 923 
16094 375 18791 
16094 450 22510 
14881 16 846 
16877 43 2183 
14975 45 2279 
15504 51 2577 
14774 15 771 
14774 249 12463 
14989 101 5084 
17239 64 3213 
17239 225 11300 
15961 26 1329 
15322 38 1924 
15514 91 4576 
16919 6 309 
16919 417 20855 
14948 224 11220 
15124 27 1381 
15355 79 3992 
15484 15 762 
15484 355 17792 
16852 160 8046 
15954 170 8508 
14270 271 13600 
17100 233 11674 
16889 40 2009 
16889 149 7451 
17185 47 2354 
15774 387 19351 
14138 91 4574 
15292 98 4935 
14293 9 484 
14293 82 4134 
14293 102 5111 
16209 309 15460 
16169 14 712 
16169 115 5798 
15801 313 15698 
16420 18 919 
14268 31 1553 
15093 41 2094 
15093 86 4330 
15800 224 11225 
15474 40 2032 
15122 170 8503 
17112 77 3853 
14610 247 12369 
14877 188 9408 
17131 135 6779 
15497 116 5828 
15497 275 13762 
15713 121 6077 
16804 8 419 
15983 5 256 
15496 127 6390 
17488 200 10012 
14124 107 5369 
14124 230 11529 
15529 301 15066 
14870 67 3390 
14870 289 14480 
14870 309 15477 
15366 4 228 
15366 46 2329 
16112 141 7077 
16112 141 7084 
16112 198 9915 
15428 201 10057 
14801 179 8981 
14806 255 12758 
14607 35 1793 
15801 10 548 
16826 226 11348 
16826 360 18036 
15783 245 12278 
15783 311 15554 
14968 40 2032 
14968 126 6349 
14914 181 9055 
14317 66 3316 
14121 31 1584 
15013 9 459 
15013 62 3142 
15449 82 4146 
14301 302 15101 
14901 13 687 
15801 161 8077 
15432 197 9880 
15432 276 13826 
16172 401 20093 
15017 170 8536 
14261 86 4334 
14121 173 8689 
14329 171 8599 
14329 211 10587 
15279 33 1694 
15930 246 12310 
15930 514 25709 
15463 462 23133 
14912 96 4801 
14187 28 1404 
14187 58 2936 
15970 51 2556 
16650 6 320 
16340 351 17591 
16570 4 218 
14965 268 13413 
