Run Subrun Event
16888 497 24895 
18760 152 7635 
15983 355 17762 
16453 279 13970 
16499 385 19256 
17475 123 6197 
18882 135 6780 
14569 195 9783 
15799 36 1840 
15799 123 6168 
15799 197 9896 
15940 113 5653 
18021 578 28903 
17495 151 7581 
17540 32 1650 
18474 43 2157 
18010 201 10100 
14157 7 357 
15430 62 3115 
18283 76 3832 
15916 9 490 
17256 39 1996 
17219 121 6063 
16104 20 1019 
16104 24 1209 
16506 283 14188 
16883 64 3249 
17122 37 1867 
14539 251 12554 
15409 35 1791 
15409 49 2487 
15409 59 2960 
15489 84 4230 
16476 14 732 
15701 112 5649 
17783 94 4717 
17856 13 668 
14897 38 1914 
15941 39 1991 
16242 16 820 
14480 1 77 
16286 249 12469 
15777 114 5711 
17360 22 1150 
18732 99 4998 
14559 254 12729 
18059 139 6986 
15339 255 12752 
17226 25 1272 
17226 123 6171 
15117 161 8099 
17077 124 6250 
17383 62 3107 
15870 248 12414 
17696 66 3316 
16118 5 281 
17573 98 4942 
17573 131 6555 
15778 191 9572 
17028 154 7739 
18743 218 10939 
18007 25 1278 
18007 25 1280 
17371 534 26732 
17371 541 27091 
18931 118 5913 
18931 123 6183 
15297 96 4808 
16158 492 24646 
16446 246 12322 
18226 155 7799 
14801 31 1599 
15591 118 5941 
16952 41 2085 
14290 144 7225 
16835 44 2205 
17023 6 334 
17614 15 767 
17614 22 1147 
15462 57 2893 
14458 52 2603 
17535 16 817 
15318 25 1290 
17776 29 1496 
17198 64 3223 
17226 106 5347 
17226 130 6511 
18024 132 6608 
15963 17 858 
17055 46 2301 
17055 101 5085 
17875 163 8155 
18014 16 801 
18014 40 2031 
18220 110 5502 
17338 72 3637 
14619 19 973 
14619 41 2072 
14619 100 5017 
15701 202 10117 
15511 252 12603 
17177 48 2409 
18062 15 767 
18062 91 4580 
15353 31 1556 
17985 358 17942 
15702 42 2146 
16148 147 7376 
15909 0 21 
17097 22 1102 
17560 76 3808 
14760 5 281 
17865 181 9091 
18630 40 2012 
18678 7 351 
15411 63 3199 
15463 115 5768 
15930 468 23445 
15930 495 24768 
14313 197 9861 
14383 24 1217 
17265 144 7216 
14585 79 3976 
14802 283 14189 
18865 80 4045 
16743 128 6407 
17671 280 14045 
17671 301 15083 
14149 221 11070 
17693 355 17777 
17835 203 10172 
14888 193 9674 
15529 261 13081 
16109 3 172 
17671 425 21273 
17185 46 2336 
14281 236 11814 
15243 118 5906 
15780 39 1992 
17093 36 1842 
17168 24 1202 
18021 28 1412 
15593 162 8136 
17004 116 5808 
17307 76 3814 
17389 55 2784 
14401 291 14579 
14438 225 11266 
16011 19 967 
18228 169 8490 
15783 171 8567 
17090 78 3950 
15489 33 1677 
18619 236 11847 
15399 5 262 
17178 74 3722 
18779 193 9700 
17987 234 11740 
15296 148 7435 
17217 66 3310 
14436 211 10565 
17140 60 3001 
18760 123 6179 
16697 38 1913 
17774 3 165 
14770 114 5716 
15222 21 1099 
15222 67 3382 
15222 80 4027 
17132 82 4146 
15335 28 1412 
16242 28 1444 
16242 357 17864 
14873 199 9981 
14363 65 3287 
15270 65 3286 
15270 69 3469 
15345 169 8489 
15345 188 9440 
16159 141 7074 
15676 80 4037 
14306 143 7171 
14468 82 4128 
14427 88 4417 
14427 201 10076 
17324 47 2382 
17990 155 7760 
15462 55 2796 
17655 185 9255 
17655 281 14080 
16676 211 10564 
17280 5 296 
16107 158 7904 
18574 293 14657 
14140 27 1399 
18021 393 19659 
18740 49 2478 
14938 209 10451 
17132 163 8180 
17132 520 26047 
16313 68 3424 
16313 134 6737 
17671 231 11595 
17543 17 864 
15634 190 9550 
17693 247 12386 
14272 70 3540 
14993 45 2281 
17686 192 9637 
17240 183 9184 
18225 109 5452 
17185 56 2823 
14940 52 2634 
18265 134 6733 
18577 261 13086 
18208 12 605 
15294 22 1125 
16079 57 2863 
17955 296 14805 
17955 312 15628 
15086 137 6869 
16836 137 6894 
15013 28 1424 
17169 223 11179 
15291 256 12838 
16970 117 5895 
16942 34 1725 
15989 502 25102 
17545 60 3037 
18911 41 2059 
14217 24 1235 
15792 202 10150 
17600 84 4234 
14327 70 3522 
14376 46 2328 
14376 182 9138 
14926 40 2037 
18005 96 4820 
18760 244 12204 
14641 142 7117 
14958 31 1596 
14464 132 6635 
15283 2 123 
15283 14 705 
17034 11 554 
14123 106 5340 
14610 66 3340 
16252 98 4921 
14664 3 158 
15014 189 9491 
15517 15 791 
14372 283 14164 
17972 237 11888 
15242 163 8167 
16113 97 4894 
18923 285 14272 
14939 41 2051 
18021 435 21755 
18251 21 1059 
15128 32 1649 
15128 122 6136 
18496 125 6275 
16252 103 5156 
17469 3 160 
15591 161 8090 
18514 10 526 
16303 178 8927 
16585 103 5165 
17005 142 7121 
17829 248 12418 
15426 15 788 
18007 113 5668 
18007 113 5699 
16022 370 18521 
16141 41 2059 
18527 436 21820 
14488 37 1864 
14989 210 10549 
16113 266 13310 
17408 59 2977 
17152 53 2680 
18732 322 16112 
15013 233 11680 
16540 31 1568 
18527 636 31840 
18527 636 31841 
17172 33 1652 
14300 121 6060 
14300 144 7224 
18955 308 15404 
15097 82 4107 
15140 28 1434 
16573 295 14769 
16694 67 3360 
17250 10 531 
17082 0 48 
18784 34 1727 
14259 93 4673 
14749 129 6493 
14376 292 14637 
18954 466 23330 
14873 176 8804 
15915 326 16302 
16823 79 3978 
18750 227 11353 
17162 80 4008 
18933 168 8441 
14597 96 4810 
15082 81 4064 
15117 50 2508 
15588 48 2411 
15588 48 2417 
18225 534 26708 
14340 38 1903 
15588 276 13832 
16169 13 652 
18233 180 9033 
18955 255 12755 
14978 25 1297 
15312 61 3090 
16466 3 187 
16169 402 20102 
14623 87 4385 
16845 458 22908 
18014 8 428 
17208 216 10825 
14535 60 3048 
17312 31 1593 
14745 27 1382 
15016 43 2177 
15225 36 1841 
16118 95 4779 
14244 6 326 
16152 171 8578 
17831 20 1038 
16734 71 3587 
17239 38 1912 
18699 21 1081 
16805 139 6961 
16805 151 7578 
15116 287 14395 
15766 12 647 
18740 37 1862 
14521 12 612 
14721 94 4748 
15989 74 3720 
17452 140 7006 
14916 76 3844 
15266 56 2831 
17048 37 1859 
17312 294 14728 
18057 14 741 
15433 71 3572 
15639 125 6293 
16122 119 6000 
18005 165 8258 
18467 164 8241 
14375 204 10236 
14870 31 1574 
15928 44 2215 
16141 203 10174 
14976 2 144 
14543 235 11789 
15941 7 378 
18740 49 2478 
17701 104 5226 
15875 136 6824 
15288 18 932 
15422 81 4052 
15877 227 11377 
14673 39 1964 
15875 475 23780 
14211 79 3993 
17824 25 1251 
14623 282 14124 
17011 325 16258 
17647 18 943 
17647 41 2057 
17073 113 5671 
15403 179 8970 
18219 86 4350 
15511 220 11018 
15114 12 603 
17168 8 405 
17168 30 1541 
17620 247 12375 
16011 117 5889 
16499 227 11364 
18480 33 1691 
16013 82 4102 
17757 55 2754 
16741 344 17233 
16524 132 6605 
15160 342 17108 
15160 342 17139 
17271 156 7817 
17724 5 300 
17724 37 1853 
18928 31 1570 
16519 22 1114 
16840 41 2094 
16840 76 3823 
17671 278 13926 
15803 4 226 
16437 112 5634 
18054 31 1580 
18054 83 4167 
18794 185 9276 
16199 51 2585 
15425 133 6681 
15898 32 1613 
17147 6 307 
17557 57 2856 
18685 517 25856 
16886 4 224 
16944 150 7507 
17206 485 24290 
18752 113 5683 
15696 1 81 
17618 43 2167 
16119 325 16292 
18958 47 2361 
15447 125 6272 
14165 86 4318 
14907 79 3994 
15527 43 2185 
17199 112 5612 
17858 216 10820 
18885 19 973 
18885 72 3632 
15834 164 8208 
18574 46 2303 
18761 204 10210 
18636 146 7329 
18636 146 7346 
15462 118 5910 
15328 221 11061 
17367 151 7579 
18049 14 707 
14914 149 7482 
16076 139 6952 
14870 323 16190 
15762 328 16417 
16317 147 7388 
17722 2 102 
17703 48 2434 
15398 81 4097 
17787 27 1387 
15397 208 10401 
16094 162 8140 
17655 183 9184 
14814 97 4874 
17174 54 2724 
15267 160 8045 
16835 50 2519 
16835 182 9127 
18244 85 4294 
15103 224 11224 
17972 62 3129 
18731 29 1454 
16846 120 6028 
15957 99 4960 
16874 2 105 
16874 71 3568 
14124 225 11292 
17482 98 4920 
18786 83 4167 
14664 267 13387 
17132 534 26705 
17306 91 4564 
17364 134 6724 
17987 169 8469 
15949 200 10041 
17328 0 5 
16266 307 15372 
17242 44 2248 
15115 65 3267 
14358 182 9116 
15966 282 14102 
14806 193 9698 
15509 101 5058 
15641 1 68 
15641 2 112 
15641 4 207 
17306 54 2728 
14578 63 3168 
18010 69 3480 
15969 95 4757 
14870 312 15617 
16172 352 17621 
14716 138 6911 
17103 59 2982 
18632 75 3779 
18874 92 4618 
18874 118 5938 
16978 205 10283 
17219 39 1964 
17451 166 8320 
17686 286 14343 
14878 46 2321 
14878 127 6353 
16690 41 2051 
17372 117 5869 
14775 11 559 
14575 77 3863 
14575 91 4577 
14580 28 1442 
18032 39 1999 
18692 336 16834 
16867 246 12308 
16867 265 13284 
18760 30 1526 
14541 52 2630 
14534 4 234 
14534 4 250 
17158 64 3239 
14527 45 2252 
18225 60 3005 
16118 74 3702 
17023 177 8865 
15257 15 800 
15639 193 9654 
17451 224 11233 
17630 145 7274 
18926 70 3508 
18926 192 9645 
14342 74 3740 
17194 75 3789 
16489 131 6578 
17239 48 2425 
17239 91 4573 
15828 115 5751 
18240 94 4727 
14438 64 3225 
15501 38 1950 
16340 145 7279 
17028 153 7664 
17665 36 1837 
18044 158 7934 
16113 301 15089 
14556 101 5055 
16425 65 3295 
16425 66 3312 
16964 401 20065 
14912 49 2458 
14912 166 8306 
15876 44 2203 
16219 62 3139 
17335 55 2775 
18743 248 12408 
14218 163 8193 
14190 10 549 
14550 191 9580 
14550 200 10033 
15118 172 8636 
17137 186 9341 
14367 237 11896 
16458 5 272 
15930 311 15577 
16849 78 3913 
17251 97 4863 
17251 159 7990 
18861 9 475 
18861 10 517 
16172 359 17997 
18676 399 19988 
14610 8 407 
15593 233 11657 
18014 39 1981 
17131 112 5606 
17875 231 11575 
18007 87 4390 
15859 41 2067 
15859 272 13648 
16169 58 2936 
16962 392 19605 
17240 19 978 
17240 250 12504 
14976 114 5734 
15933 199 9981 
16851 328 16440 
17487 42 2110 
18863 142 7133 
14548 112 5611 
14713 39 1963 
17235 0 38 
17132 235 11763 
15499 55 2790 
17847 243 12151 
16878 23 1152 
17680 13 679 
17680 14 710 
14706 18 916 
14706 85 4252 
17162 169 8464 
17171 43 2171 
18212 15 790 
14603 24 1246 
14783 0 20 
16017 15 777 
18959 40 2037 
15296 245 12254 
16392 9 456 
17495 262 13105 
14172 59 3000 
15801 347 17397 
16874 221 11078 
17351 2 139 
14881 60 3034 
17689 58 2924 
15328 230 11519 
16583 40 2005 
16583 65 3285 
17829 188 9438 
14609 153 7667 
15282 91 4570 
17102 52 2607 
17209 0 28 
17333 84 4202 
18510 174 8727 
15469 112 5612 
17387 54 2708 
17503 53 2652 
17567 35 1772 
18935 322 16149 
17699 74 3724 
14357 7 356 
16198 166 8343 
17414 116 5825 
14427 14 733 
18267 27 1361 
18937 29 1451 
15960 154 7736 
15960 304 15209 
17323 31 1600 
18647 220 11001 
18756 29 1452 
17077 161 8092 
17666 242 12107 
18225 152 7617 
17972 190 9508 
14989 80 4038 
15246 111 5594 
17521 3 199 
17992 70 3515 
18024 524 26206 
18024 567 28370 
18253 60 3010 
16298 159 7977 
16119 59 2953 
17517 221 11081 
17065 174 8706 
14263 277 13896 
15336 26 1316 
18913 28 1438 
15902 208 10429 
16118 150 7546 
15909 166 8321 
18510 99 4963 
18510 320 16048 
14807 245 12251 
16152 163 8192 
17400 206 10338 
18631 297 14880 
16919 546 27313 
15074 95 4786 
14729 53 2663 
14729 79 3999 
15457 90 4504 
14635 27 1368 
16252 207 10359 
17056 290 14549 
14526 63 3152 
18202 60 3024 
17240 190 9545 
15859 146 7343 
17237 183 9168 
15639 23 1171 
15801 431 21591 
18609 93 4687 
14611 71 3558 
17478 61 3083 
14989 278 13901 
18007 147 7373 
18792 47 2381 
15402 52 2634 
15103 240 12049 
15106 172 8640 
17621 65 3288 
17753 207 10364 
18225 146 7332 
18752 193 9671 
14531 48 2449 
15479 80 4029 
15882 227 11389 
16232 196 9815 
16232 200 10040 
14297 38 1943 
14297 239 11987 
15398 175 8756 
17036 299 14988 
18692 125 6299 
14190 40 2037 
14195 26 1327 
14550 105 5283 
15103 34 1721 
15870 63 3184 
15151 68 3445 
15436 368 18422 
15587 4 249 
15927 18 948 
17566 40 2028 
17566 71 3576 
17671 408 20424 
16109 37 1875 
17413 192 9609 
17602 19 997 
18665 193 9677 
14545 78 3939 
15348 160 8014 
15348 50 2520 
15463 474 23741 
15463 476 23841 
18701 62 3137 
15692 30 1513 
15875 171 8575 
18257 4 209 
18862 31 1563 
14697 8 422 
17335 59 2983 
17328 95 4767 
15501 1 85 
16288 25 1258 
15251 46 2308 
16216 12 633 
17555 6 326 
14406 17 892 
15174 212 10646 
15961 445 22265 
14831 22 1134 
17327 102 5148 
17332 10 508 
17332 40 2004 
16119 112 5632 
17371 44 2226 
18238 101 5065 
17171 54 2745 
18226 235 11765 
15457 113 5687 
14642 77 3867 
15223 33 1671 
17400 206 10338 
18732 29 1487 
14667 4 210 
16874 195 9795 
18673 206 10313 
17478 33 1676 
15463 204 10214 
15920 22 1139 
15103 226 11320 
17630 98 4947 
15140 179 8975 
15593 1 51 
14152 221 11075 
18039 85 4286 
14688 25 1282 
15875 33 1659 
15921 68 3432 
15921 111 5570 
16112 246 12304 
16112 246 12332 
17963 22 1117 
15701 314 15738 
14985 79 3956 
15589 164 8234 
15593 42 2135 
17620 148 7405 
18202 5 274 
14427 42 2141 
14902 235 11782 
18021 160 8013 
15960 375 18781 
17426 22 1117 
16022 337 16883 
16787 58 2948 
17193 43 2199 
14537 36 1824 
14550 195 9784 
18634 206 10326 
14558 281 14078 
16252 192 9612 
17693 333 16663 
15900 55 2776 
17004 142 7115 
16118 54 2725 
17080 46 2345 
15482 150 7523 
17600 77 3871 
15257 86 4316 
14577 60 3017 
17719 91 4565 
17719 125 6251 
17722 157 7895 
16544 136 6821 
14939 37 1889 
17552 30 1526 
16763 22 1106 
17206 250 12512 
17206 250 12519 
17394 192 9639 
14367 150 7543 
17364 106 5321 
14463 153 7655 
14985 68 3410 
14812 210 10537 
14734 123 6170 
15161 20 1025 
16332 48 2418 
16978 41 2060 
17494 267 13395 
14956 43 2175 
15492 8 425 
15492 29 1477 
14726 93 4685 
15949 105 5295 
14825 51 2578 
14825 56 2816 
17195 58 2927 
16150 206 10348 
14151 52 2615 
14174 87 4384 
16751 283 14176 
15314 9 500 
17846 136 6840 
16148 160 8004 
17029 49 2490 
18511 25 1255 
18511 56 2831 
15913 26 1334 
18235 130 6546 
16225 40 2012 
15946 93 4681 
17205 190 9520 
15640 180 9008 
16852 233 11653 
15528 204 10232 
17249 184 9221 
14884 167 8389 
15122 209 10457 
18497 179 8986 
16137 14 723 
18677 146 7317 
14796 116 5815 
14134 27 1392 
15801 412 20650 
16467 68 3407 
17237 116 5810 
14965 278 13905 
18743 7 355 
18752 344 17228 
15486 52 2629 
17869 53 2677 
15794 57 2890 
17856 56 2845 
15484 117 5858 
17204 162 8145 
15236 38 1903 
18677 453 22663 
14748 125 6262 
17308 115 5799 
17856 80 4036 
18760 21 1087 
14368 202 10144 
15448 125 6257 
16731 425 21263 
18619 119 5983 
15706 65 3263 
17851 330 16533 
14610 203 10166 
17452 125 6276 
16203 226 11310 
18234 148 7435 
14903 323 16155 
16038 418 20932 
17327 54 2725 
17328 85 4262 
15456 125 6257 
16210 124 6216 
15652 8 421 
14637 186 9332 
18958 29 1479 
18935 43 2158 
15901 169 8453 
15369 306 15324 
18007 21 1067 
15701 212 10633 
14157 14 733 
15986 257 12861 
17078 73 3668 
18665 406 20347 
16966 22 1134 
18765 297 14885 
14583 87 4400 
15153 88 4418 
16199 307 15363 
16378 27 1380 
17597 26 1341 
17855 96 4823 
18008 46 2342 
18760 201 10090 
14940 273 13654 
15267 134 6711 
17068 15 770 
17383 437 21857 
17857 6 325 
14615 68 3431 
16071 130 6506 
15923 154 7706 
17047 9 481 
17361 253 12683 
17566 0 29 
17721 3 161 
17978 57 2896 
17990 101 5077 
17990 286 14326 
17371 313 15697 
15998 44 2247 
17482 75 3751 
14643 220 11027 
15145 311 15569 
17118 31 1567 
17235 4 201 
18218 331 16577 
18218 331 16583 
17102 81 4060 
17847 135 6757 
17209 18 929 
17209 19 970 
17744 18 936 
18491 31 1591 
16322 18 912 
14388 43 2176 
17876 148 7409 
15933 339 16989 
14375 247 12373 
14644 246 12347 
15129 54 2730 
17070 140 7001 
14573 39 1953 
16964 305 15254 
17666 71 3575 
14682 34 1714 
15709 50 2527 
16059 113 5686 
17875 403 20166 
14927 86 4302 
16593 5 257 
17975 177 8864 
18732 139 6963 
15228 102 5146 
16825 22 1109 
17756 0 7 
17866 96 4821 
16947 297 14863 
17328 21 1059 
17972 237 11888 
14758 209 10489 
17358 10 510 
17522 5 291 
14293 64 3221 
14632 94 4728 
14427 228 11402 
14427 228 11433 
14998 149 7471 
15922 37 1863 
16513 43 2167 
16513 50 2550 
17829 213 10662 
16978 530 26524 
14410 114 5701 
15231 68 3437 
15231 68 3444 
14428 25 1256 
14428 107 5356 
16115 0 5 
15410 70 3529 
18225 134 6701 
15309 9 483 
17160 7 356 
15122 29 1496 
17413 202 10129 
18882 148 7425 
18511 87 4362 
17100 64 3206 
18010 194 9731 
18676 557 27885 
14243 134 6734 
16457 61 3092 
17517 196 9836 
18225 68 3415 
17144 24 1239 
18054 228 11424 
18492 467 23400 
14542 117 5856 
14542 117 5858 
14542 256 12801 
16028 198 9934 
17683 63 3192 
17683 240 12034 
16112 400 20025 
16138 26 1318 
15634 165 8261 
16075 496 24828 
16923 198 9909 
14956 160 8047 
16198 104 5234 
16834 40 2035 
17093 57 2884 
17871 344 17210 
17871 344 17227 
18021 216 10801 
18921 18 948 
14749 199 9965 
18935 93 4663 
15910 244 12224 
14135 12 640 
15106 84 4247 
15106 143 7169 
15122 100 5025 
17132 184 9236 
15421 47 2356 
17365 92 4645 
14708 25 1299 
14708 70 3516 
15267 10 502 
17134 55 2779 
14527 31 1598 
17990 445 22275 
14195 173 8667 
15415 272 13610 
15916 162 8121 
15858 6 330 
16573 40 2017 
18035 173 8693 
16836 113 5656 
14194 129 6468 
14139 214 10747 
17075 60 3007 
17683 55 2789 
18240 38 1924 
18467 141 7054 
15904 38 1934 
14456 17 900 
15122 213 10675 
17308 76 3849 
15281 7 391 
15281 57 2865 
18770 36 1845 
15479 167 8370 
18754 114 5704 
14436 129 6475 
15927 329 16470 
15463 179 8982 
15463 406 20307 
18527 635 31767 
15369 132 6601 
17517 156 7837 
18689 35 1799 
17990 375 18799 
18666 80 4031 
17164 123 6179 
16795 161 8078 
18210 21 1096 
17318 2 120 
17318 36 1804 
14880 9 466 
17239 74 3712 
17239 250 12543 
15117 114 5737 
14667 64 3207 
18489 209 10493 
15264 3 178 
15875 210 10518 
17116 63 3194 
17116 69 3485 
14281 133 6675 
18779 518 25927 
14911 89 4464 
18631 277 13880 
14736 50 2508 
15910 254 12730 
16471 35 1775 
17398 4 218 
14219 76 3828 
14219 105 5288 
14772 164 8247 
17451 1 66 
15873 146 7333 
14897 65 3289 
17730 18 917 
18754 119 5954 
18931 47 2396 
14688 16 826 
17090 39 1960 
15876 68 3436 
16004 8 433 
17665 35 1794 
17840 64 3248 
15264 9 481 
15966 285 14296 
15981 166 8303 
14321 33 1698 
14551 303 15166 
16141 24 1233 
15395 42 2111 
15427 207 10397 
17083 44 2203 
14223 43 2168 
16809 31 1552 
17985 13 673 
17985 107 5379 
15397 127 6389 
17382 4 214 
17489 234 11709 
17722 153 7680 
17235 3 158 
17492 60 3030 
18499 204 10217 
14392 202 10116 
14392 202 10121 
14410 277 13873 
14924 156 7803 
15840 38 1924 
14418 268 13435 
18732 427 21364 
17754 57 2872 
17975 141 7063 
15496 8 437 
17505 82 4135 
18752 135 6791 
15428 220 11043 
18933 397 19868 
14551 25 1265 
14643 253 12692 
15103 80 4024 
16242 28 1444 
16242 357 17864 
15517 117 5866 
18933 351 17577 
14548 176 8847 
14548 197 9896 
14669 4 221 
14899 90 4504 
14899 90 4536 
15509 78 3937 
17585 30 1517 
15297 24 1227 
17103 24 1238 
15106 140 7037 
15924 11 594 
17047 41 2065 
18760 92 4627 
17504 17 875 
14541 69 3489 
15484 161 8060 
15484 161 8094 
15227 42 2121 
16076 137 6853 
14814 110 5532 
16851 86 4302 
14991 234 11708 
17311 13 664 
17566 109 5488 
17541 27 1398 
16021 31 1570 
16693 196 9848 
17618 51 2590 
17753 172 8630 
16267 158 7932 
17566 202 10126 
15121 9 488 
17352 21 1061 
18795 19 985 
15491 315 15788 
15696 49 2454 
18228 122 6143 
15677 321 16057 
15882 97 4863 
18637 25 1262 
15013 202 10126 
18048 9 497 
15828 268 13439 
16747 23 1187 
18933 188 9418 
18752 536 26820 
16459 93 4694 
14549 72 3606 
16385 5 258 
14805 272 13617 
17615 5 273 
17956 285 14267 
17956 290 14522 
17517 74 3726 
15116 127 6379 
16888 281 14062 
18024 304 15244 
18035 2 137 
18035 144 7223 
14716 111 5599 
17568 31 1555 
18218 60 3014 
18218 210 10534 
18488 423 21154 
15309 24 1232 
16094 245 12285 
15969 300 15043 
16075 43 2177 
16075 495 24779 
15589 155 7758 
17444 89 4488 
18028 233 11692 
15484 122 6119 
14313 41 2056 
17630 84 4206 
18732 194 9711 
18732 358 17931 
15495 33 1680 
17476 25 1288 
17840 96 4842 
17840 264 13218 
16242 59 2993 
18008 57 2856 
15160 253 12678 
15969 343 17157 
17349 85 4292 
17835 151 7595 
15673 86 4347 
17745 12 641 
17208 98 4949 
15238 115 5783 
18781 70 3519 
14227 15 759 
17237 80 4012 
18021 127 6384 
18021 246 12331 
18039 101 5056 
15500 152 7601 
16965 278 13922 
18922 463 23160 
15897 5 266 
16802 142 7127 
17114 169 8481 
14743 101 5090 
15297 242 12107 
17079 18 941 
17561 226 11336 
15713 234 11738 
14935 102 5139 
15182 117 5889 
15870 87 4361 
18756 42 2134 
15634 105 5252 
15875 356 17821 
16919 4 214 
15683 39 1965 
15780 53 2654 
17328 100 5006 
14812 91 4599 
14887 125 6279 
16227 207 10379 
18663 71 3585 
14822 44 2221 
17521 100 5049 
14290 57 2893 
14881 31 1597 
14881 45 2254 
15910 261 13052 
18795 203 10167 
15859 331 16558 
17335 77 3864 
18760 314 15709 
18646 28 1406 
14270 35 1776 
18701 87 4358 
15447 63 3191 
17678 8 450 
17678 25 1263 
17956 78 3902 
17956 122 6149 
18753 137 6898 
16858 121 6078 
17448 195 9756 
14991 156 7805 
16433 17 894 
14401 48 2420 
14884 63 3187 
15118 47 2359 
15529 334 16741 
17686 115 5752 
17776 39 1967 
18746 26 1303 
14356 97 4898 
14971 27 1353 
14957 3 176 
17237 95 4757 
15785 232 11639 
18574 66 3321 
18862 353 17652 
17400 211 10564 
17875 6 335 
17875 90 4526 
14810 0 43 
17136 44 2218 
17829 234 11730 
14793 30 1534 
17073 86 4303 
15141 10 507 
15141 42 2104 
16890 91 4571 
17870 5 263 
17870 5 266 
17870 5 273 
15348 198 9935 
14580 96 4838 
15416 104 5247 
17434 64 3234 
14401 72 3642 
14401 133 6689 
14401 225 11273 
18021 452 22641 
14722 178 8948 
17582 16 841 
17582 16 846 
18794 32 1601 
14562 27 1366 
16231 66 3305 
16231 118 5918 
14760 27 1368 
14760 78 3931 
16144 90 4532 
15222 93 4680 
15773 31 1590 
18463 212 10649 
18761 126 6322 
14958 38 1920 
15335 18 933 
15335 273 13652 
18760 212 10606 
17141 44 2209 
17372 107 5352 
17990 227 11355 
17990 227 11381 
17409 38 1935 
14274 130 6540 
14991 3 182 
14802 71 3572 
16052 118 5911 
16052 175 8785 
16052 361 18092 
18673 78 3929 
14161 70 3530 
15640 187 9381 
16926 59 2978 
17306 83 4151 
18750 78 3914 
18752 248 12409 
17521 52 2605 
18922 50 2546 
14938 54 2747 
18779 56 2843 
14516 57 2892 
18048 294 14728 
14450 69 3489 
18032 30 1518 
18024 443 22199 
15111 269 13454 
15111 269 13496 
15270 46 2346 
14870 226 11316 
17875 38 1935 
15794 170 8518 
16693 32 1623 
16693 125 6268 
14812 51 2594 
15394 34 1715 
16761 77 3866 
16134 488 24450 
16919 77 3861 
17965 213 10692 
18032 95 4751 
14133 81 4059 
15294 27 1386 
18793 1 94 
15386 30 1542 
15916 228 11411 
16148 223 11163 
16225 227 11370 
18929 316 15820 
15901 227 11353 
15901 397 19877 
16063 28 1429 
16063 125 6296 
15803 105 5264 
16493 110 5527 
15286 242 12148 
17169 162 8143 
14521 107 5400 
17304 40 2008 
18248 55 2782 
15780 85 4293 
16479 6 347 
16479 20 1049 
16075 242 12116 
16437 215 10783 
15398 131 6582 
15398 237 11856 
16113 285 14259 
14149 254 12746 
17523 35 1791 
18651 55 2768 
18651 222 11132 
14388 94 4748 
15356 22 1121 
18732 556 27803 
17849 213 10675 
17849 217 10887 
15249 40 2049 
16352 124 6250 
16188 131 6556 
18954 129 6484 
16888 154 7747 
18862 521 26068 
15590 202 10103 
16214 77 3872 
17260 14 740 
15155 67 3393 
15308 109 5451 
17693 223 11168 
17489 210 10550 
18469 197 9870 
18028 173 8694 
18219 92 4633 
18622 9 456 
17850 79 3961 
18506 55 2770 
18636 438 21950 
15471 33 1696 
15783 17 865 
16141 264 13234 
18665 24 1209 
14234 19 971 
15900 89 4496 
17308 86 4322 
15689 107 5384 
14139 42 2109 
14603 195 9772 
16150 251 12571 
16339 24 1240 
17522 61 3064 
15081 8 428 
15348 94 4715 
15877 73 3662 
18933 270 13543 
14231 23 1174 
14516 60 3025 
17135 84 4226 
17655 200 10003 
15065 22 1130 
16446 334 16750 
15122 24 1220 
17447 6 310 
18010 16 840 
18010 45 2285 
16726 129 6476 
17327 161 8058 
16219 80 4044 
17700 86 4330 
17850 40 2050 
18923 517 25881 
16438 29 1476 
16750 9 481 
17237 365 18290 
17383 529 26492 
17722 33 1694 
14372 69 3497 
15489 156 7826 
17132 16 838 
15227 6 349 
16313 185 9264 
17132 421 21082 
18603 360 18025 
15495 3 186 
15495 68 3401 
15783 335 16784 
17577 65 3296 
18924 28 1441 
14721 161 8071 
15086 65 3270 
16299 52 2611 
14770 51 2600 
15443 42 2150 
14543 18 911 
15274 21 1094 
17338 106 5332 
17077 101 5072 
14761 10 507 
17101 6 323 
14824 297 14888 
15297 120 6018 
16200 112 5649 
17684 21 1088 
14146 2 102 
17325 42 2136 
15160 374 18716 
15396 136 6840 
15783 82 4132 
17309 60 3028 
17309 125 6269 
16141 222 11102 
16119 10 501 
14125 38 1916 
16442 74 3728 
14754 96 4804 
14912 10 537 
17044 46 2305 
14806 233 11654 
15676 49 2497 
16179 44 2237 
16312 214 10727 
17369 21 1075 
15136 126 6314 
17240 13 677 
18468 158 7919 
18039 37 1862 
15482 138 6942 
15870 37 1865 
14925 100 5005 
14942 46 2326 
18765 184 9202 
18935 6 306 
16219 164 8205 
14745 3 179 
14745 102 5143 
15297 57 2852 
16205 258 12902 
16761 108 5437 
18954 421 21099 
15960 242 12109 
15960 319 15974 
16888 121 6084 
18604 218 10906 
14427 82 4147 
15701 62 3117 
15913 56 2807 
16036 483 24167 
17235 5 288 
17537 21 1086 
17669 3 186 
17669 80 4006 
18676 415 20791 
18665 249 12451 
16104 6 344 
17447 129 6452 
16846 222 11101 
17855 255 12783 
17998 96 4843 
14256 12 623 
14556 148 7407 
15130 31 1586 
15794 25 1261 
15923 359 17985 
18014 27 1384 
14812 216 10808 
17170 24 1250 
17371 471 23599 
15236 62 3115 
15236 132 6612 
15316 118 5927 
18752 533 26692 
16006 115 5790 
16919 193 9654 
17383 388 19447 
14281 74 3711 
18021 9 453 
14368 191 9563 
15710 43 2167 
15900 13 659 
14184 10 503 
18929 237 11862 
14622 38 1926 
14787 46 2309 
15430 171 8600 
17865 424 21207 
18603 131 6589 
18692 18 937 
15701 378 18934 
16835 100 5039 
16835 125 6254 
16198 45 2288 
17254 7 399 
16134 98 4903 
14920 58 2929 
14368 259 12995 
18041 100 5024 
14920 30 1503 
15509 53 2698 
15295 70 3504 
17055 257 12887 
15915 471 23578 
17361 226 11302 
17413 149 7472 
17451 71 3575 
17614 103 5178 
14455 74 3737 
14455 293 14673 
14464 288 14430 
15301 115 5777 
17077 119 5953 
15959 41 2066 
15959 27 1388 
18062 218 10906 
18900 56 2807 
15682 46 2318 
17099 98 4924 
17352 272 13641 
14558 258 12904 
14625 12 642 
16842 15 788 
15343 306 15305 
16134 410 20540 
16320 3 177 
17561 58 2947 
18955 40 2010 
18011 77 3880 
15327 5 268 
18506 0 14 
15161 12 646 
15161 69 3494 
15161 176 8842 
17083 32 1616 
18238 40 2047 
14271 183 9170 
15415 99 4972 
15415 99 4981 
17522 37 1866 
18931 30 1538 
14452 92 4610 
14452 148 7434 
17111 186 9325 
17101 46 2306 
15282 3 188 
14793 34 1730 
17397 8 438 
14516 67 3374 
15915 314 15728 
17194 94 4704 
15902 30 1533 
18044 348 17409 
18044 382 19104 
18244 20 1007 
18874 61 3068 
18874 105 5262 
17726 93 4689 
17726 133 6692 
17114 37 1880 
14805 207 10359 
18021 3 195 
17358 53 2661 
14883 8 427 
14883 43 2184 
15521 4 227 
15530 131 6557 
18527 554 27705 
17030 109 5467 
16521 19 998 
14539 204 10232 
15529 228 11433 
15722 79 3958 
16348 83 4157 
16348 159 7953 
15882 153 7669 
17663 19 952 
18523 61 3085 
18062 131 6572 
18062 182 9143 
14716 120 6016 
16169 152 7618 
18779 12 606 
18779 12 617 
18779 12 647 
18779 104 5236 
15177 15 763 
17614 48 2401 
17693 208 10448 
15983 292 14626 
15308 0 31 
18031 95 4770 
14542 25 1298 
15930 425 21274 
14436 262 13140 
16551 324 16229 
17087 205 10290 
17231 84 4249 
17452 75 3797 
15779 26 1331 
15236 41 2089 
16148 178 8941 
17210 173 8695 
16226 132 6627 
18623 70 3524 
15442 10 534 
15442 33 1696 
17356 204 10243 
15946 188 9416 
18466 72 3619 
15882 34 1718 
14274 162 8138 
14584 17 892 
15398 175 8756 
16948 287 14358 
15785 100 5032 
17358 58 2901 
18574 33 1651 
18511 99 4993 
15017 13 658 
16459 11 555 
16173 58 2902 
15097 214 10724 
14317 92 4615 
14259 264 13216 
17048 75 3758 
15416 140 7032 
15676 117 5888 
14451 9 472 
17243 32 1612 
16323 47 2378 
16994 279 13957 
17186 21 1080 
17174 8 436 
15921 169 8488 
17978 364 18206 
17156 26 1329 
16739 20 1012 
15939 141 7070 
17208 147 7376 
16150 42 2143 
17257 2 143 
17699 102 5109 
17996 26 1311 
14420 24 1239 
18021 703 35191 
18574 330 16516 
15113 33 1651 
15479 204 10246 
14893 218 10918 
16726 48 2403 
16065 73 3671 
18492 370 18514 
14375 68 3420 
14375 111 5556 
14993 9 466 
16006 137 6887 
15294 7 353 
16919 228 11441 
14549 78 3928 
17451 46 2327 
18225 34 1747 
17532 8 408 
18761 195 9755 
14321 79 3984 
15789 65 3251 
17204 157 7859 
17603 13 680 
18903 99 4979 
14123 104 5213 
14548 74 3706 
18747 14 731 
18747 51 2564 
18747 51 2581 
16150 146 7337 
16964 73 3673 
17352 70 3517 
17875 313 15665 
15106 270 13529 
16457 101 5073 
17287 155 7767 
17371 480 24014 
17371 512 25610 
17865 156 7810 
16557 162 8133 
15337 15 778 
15697 71 3569 
14526 176 8823 
14526 176 8836 
15222 228 11419 
17862 4 234 
15909 219 10984 
16211 4 225 
15983 237 11854 
16593 21 1092 
14936 37 1877 
15955 45 2268 
14343 36 1841 
15489 13 654 
17459 75 3781 
17459 174 8730 
18574 306 15304 
18760 47 2353 
14222 23 1184 
14225 14 737 
17208 47 2378 
18752 28 1406 
18752 224 11220 
18574 447 22398 
18653 296 14820 
15799 25 1294 
15450 198 9940 
15116 304 15221 
18677 159 7961 
17116 107 5359 
17653 80 4013 
15447 32 1626 
15447 244 12232 
15528 269 13461 
16731 66 3322 
16731 66 3328 
17028 1 54 
14899 315 15781 
15234 86 4337 
15808 64 3221 
16843 312 15611 
17459 46 2339 
15097 42 2128 
14452 85 4295 
17569 56 2843 
14205 28 1421 
14886 138 6931 
18882 156 7835 
18923 401 20077 
18007 136 6808 
17228 61 3064 
17776 11 597 
15144 3 171 
18731 91 4591 
15436 161 8076 
15436 191 9587 
16978 398 19950 
18007 131 6560 
18225 99 4997 
14551 69 3462 
15122 160 8038 
15800 2 135 
16834 189 9485 
18021 189 9488 
15501 287 14385 
17560 55 2768 
17360 92 4637 
14712 53 2658 
16352 147 7387 
16919 20 1018 
17869 108 5445 
14391 18 932 
17695 22 1126 
17851 280 14002 
18048 209 10458 
17271 11 557 
16979 48 2450 
14743 95 4793 
17308 149 7484 
16112 321 16062 
15478 199 9952 
15478 283 14200 
17110 88 4450 
17876 147 7375 
18245 188 9417 
14271 148 7442 
16151 39 1954 
18692 360 18040 
18692 371 18590 
17700 3 156 
18915 115 5757 
18915 221 11053 
16340 354 17705 
14746 312 15630 
17650 0 32 
15227 131 6562 
18499 147 7361 
18692 235 11774 
14133 8 403 
14133 89 4483 
17158 31 1592 
17158 68 3417 
17494 138 6910 
14805 163 8156 
17349 30 1544 
18044 175 8786 
18044 175 8793 
14900 25 1270 
16134 391 19565 
18257 104 5235 
17869 110 5517 
16558 102 5122 
16558 102 5149 
17237 170 8542 
17858 239 11993 
16141 55 2793 
17004 21 1095 
17686 347 17358 
16489 228 11405 
14229 12 639 
18793 12 628 
17391 13 668 
14610 63 3199 
15320 47 2367 
16459 52 2615 
17536 4 217 
17536 11 598 
17759 27 1390 
14270 126 6305 
14342 271 13588 
18574 49 2472 
18910 100 5026 
16285 54 2750 
18922 217 10866 
14609 66 3326 
17312 144 7230 
14446 27 1397 
15262 130 6503 
15603 93 4685 
17256 144 7213 
16962 86 4346 
18779 118 5933 
14631 234 11737 
15901 98 4915 
16923 176 8839 
14225 56 2823 
14643 223 11188 
14956 237 11883 
15862 12 621 
15862 288 14418 
17865 183 9151 
18779 267 13369 
15900 141 7093 
17338 63 3174 
16850 128 6411 
17497 68 3410 
17318 10 514 
17371 498 24934 
16288 31 1554 
16288 77 3861 
17251 22 1116 
14562 24 1232 
17400 69 3491 
15106 97 4860 
15715 179 8963 
18924 64 3216 
14438 134 6721 
14959 48 2417 
18488 212 10640 
14682 69 3494 
15790 5 264 
18740 184 9232 
15923 17 883 
16348 77 3851 
17239 40 2043 
17383 91 4582 
17249 343 17176 
15827 10 512 
16562 12 630 
18225 334 16702 
17475 187 9356 
18516 473 23658 
16520 31 1570 
14725 18 901 
14195 3 196 
15901 337 16873 
15115 32 1608 
16489 161 8083 
15106 233 11680 
15106 233 11688 
15529 328 16433 
14217 27 1392 
15103 15 760 
17087 415 20754 
17373 28 1442 
16752 72 3647 
17160 16 835 
15603 177 8860 
17186 54 2727 
17989 149 7474 
15491 271 13553 
15923 213 10666 
15965 228 11442 
17415 275 13752 
15035 26 1338 
15377 28 1419 
18467 225 11273 
15328 231 11560 
17829 218 10947 
17753 47 2397 
15463 214 10744 
15464 268 13424 
16022 9 470 
16023 285 14263 
17373 181 9097 
17398 37 1865 
18639 193 9670 
17337 35 1780 
14831 294 14726 
17560 31 1563 
17075 149 7498 
17075 156 7835 
18947 22 1101 
18527 501 25092 
17647 51 2588 
16548 1 71 
16788 119 5958 
14473 18 906 
17352 193 9697 
18028 82 4118 
17079 20 1045 
17079 23 1198 
15420 20 1012 
15474 77 3859 
18265 203 10186 
16150 240 12040 
17655 152 7645 
18577 86 4343 
18782 43 2186 
16823 85 4295 
16473 26 1310 
14918 15 778 
15636 3 189 
17152 111 5597 
17301 126 6307 
16788 52 2641 
16858 72 3607 
17609 8 407 
17609 49 2498 
15243 101 5064 
17267 145 7254 
18218 161 8057 
18937 20 1022 
17861 222 11114 
18270 41 2078 
18874 45 2291 
18874 68 3421 
17823 71 3599 
14268 31 1590 
14647 72 3634 
15913 47 2376 
15111 168 8402 
18516 410 20507 
18941 6 306 
15160 328 16442 
17667 249 12497 
18031 170 8502 
14152 83 4199 
14774 203 10152 
15128 99 4965 
15339 142 7135 
15466 153 7668 
14576 99 4992 
15312 2 121 
17653 76 3847 
17955 277 13880 
17955 286 14332 
18779 141 7085 
14623 50 2512 
18021 651 32586 
14931 4 210 
15111 146 7312 
17406 6 338 
17406 94 4734 
18760 70 3530 
16453 342 17149 
15529 139 6996 
15877 92 4609 
15603 110 5507 
18018 55 2778 
15862 245 12271 
17358 23 1189 
14998 192 9631 
15783 208 10409 
14976 86 4341 
18933 232 11647 
18479 90 4502 
15273 67 3380 
15286 164 8234 
18935 265 13276 
14911 58 2915 
16355 91 4582 
14577 3 155 
15504 218 10934 
17028 181 9051 
16185 76 3806 
17611 94 4736 
18865 113 5660 
14559 138 6901 
17169 38 1945 
15902 133 6684 
15959 25 1259 
14611 15 771 
16751 279 13970 
18752 253 12671 
14925 276 13816 
15264 132 6645 
17667 59 2986 
18242 209 10453 
17853 6 305 
15428 17 853 
15428 168 8421 
18771 34 1749 
14409 209 10468 
18225 463 23192 
18240 26 1346 
14299 17 900 
14623 247 12351 
18752 414 20701 
14743 52 2611 
16059 111 5562 
18052 30 1544 
15291 254 12745 
15927 47 2365 
15927 328 16432 
17683 105 5289 
14463 94 4726 
17664 33 1670 
17482 131 6587 
15832 74 3712 
16562 14 725 
18272 172 8633 
15428 251 12551 
15489 109 5498 
15677 70 3517 
17371 200 10046 
17506 22 1143 
17524 289 14480 
17975 68 3407 
18928 43 2180 
18577 56 2804 
15589 154 7715 
17383 415 20772 
17702 20 1034 
17666 225 11282 
15389 30 1505 
17119 103 5194 
15330 71 3557 
15330 103 5178 
17495 154 7732 
14214 11 587 
14396 87 4386 
14396 87 4396 
17730 4 229 
18615 154 7711 
18026 143 7174 
14159 20 1035 
14174 208 10404 
15915 99 4963 
15915 289 14465 
15915 289 14486 
17626 52 2635 
17237 245 12279 
18679 196 9820 
14369 108 5419 
18225 107 5383 
18225 414 20747 
17183 1 84 
17194 37 1857 
18021 626 31318 
18282 78 3943 
15590 370 18541 
18639 13 668 
16926 0 16 
16929 64 3214 
18527 504 25211 
17631 122 6122 
18474 69 3494 
16148 5 300 
16551 115 5753 
17415 60 3032 
14263 82 4120 
14724 44 2244 
14916 115 5780 
15316 183 9167 
16994 34 1727 
17240 320 16014 
14117 4 239 
16797 33 1683 
17835 34 1723 
18269 83 4189 
18709 32 1642 
15154 30 1522 
17112 115 5793 
17634 15 790 
18021 322 16126 
17281 52 2609 
17336 40 2034 
17865 45 2255 
14149 260 13001 
14542 82 4108 
17478 51 2584 
17489 216 10837 
14539 268 13429 
17122 95 4755 
18005 11 581 
18005 28 1428 
14383 52 2604 
16041 212 10648 
18048 97 4882 
18779 212 10638 
18953 271 13561 
15783 364 18228 
18268 55 2753 
18527 672 33609 
18527 672 33647 
15162 14 724 
17667 17 876 
14297 309 15481 
15448 97 4860 
15316 196 9837 
18709 326 16322 
18709 326 16345 
18574 231 11573 
15873 145 7272 
17960 88 4444 
18862 350 17520 
15133 2 112 
16551 400 20043 
17254 8 448 
17235 27 1381 
18770 30 1513 
16038 404 20203 
14342 93 4663 
14275 89 4474 
17986 193 9667 
16205 182 9118 
17440 7 398 
17440 10 501 
17827 46 2331 
17834 77 3877 
18286 107 5377 
14468 97 4865 
15430 19 966 
15989 391 19578 
17224 51 2571 
15125 176 8834 
14885 10 524 
17835 117 5896 
18957 200 10035 
18031 182 9103 
14938 270 13537 
16795 103 5195 
14592 78 3919 
15491 50 2534 
16169 141 7095 
17122 58 2923 
14806 116 5803 
16573 320 16030 
15130 14 732 
15673 24 1238 
16094 430 21530 
16893 87 4394 
17028 169 8463 
14942 88 4423 
17974 79 3963 
18059 164 8203 
18623 5 292 
18623 56 2820 
14450 37 1863 
14555 216 10825 
17872 123 6157 
14372 168 8411 
17700 17 864 
15504 184 9226 
14425 165 8260 
17036 20 1026 
14390 66 3349 
16752 7 351 
14438 241 12081 
16169 306 15312 
17646 98 4910 
18794 123 6187 
15846 88 4431 
17696 100 5004 
18021 18 942 
18021 18 949 
18790 175 8784 
14149 1 66 
14234 13 683 
14828 116 5801 
15222 154 7732 
15222 190 9537 
16095 21 1092 
16095 286 14315 
17847 68 3438 
15498 104 5236 
15484 261 13054 
15785 31 1579 
15785 83 4168 
15961 195 9776 
16947 35 1758 
14742 19 991 
15917 143 7181 
16890 69 3481 
15846 76 3803 
15903 9 497 
15257 167 8379 
15639 121 6082 
16186 109 5470 
17762 2 132 
14202 28 1412 
18610 122 6133 
18610 163 8166 
14171 31 1590 
17851 16 841 
18951 341 17082 
14295 51 2595 
17364 39 1977 
17364 44 2234 
18489 18 934 
15432 194 9740 
18010 162 8148 
14194 87 4377 
15443 13 691 
17671 187 9363 
14281 153 7651 
14788 23 1159 
18028 192 9621 
18646 200 10035 
15447 221 11063 
16761 227 11356 
17559 59 2953 
15783 186 9344 
17328 65 3293 
18765 32 1613 
14682 68 3410 
16878 123 6198 
17124 66 3310 
14297 70 3539 
15225 55 2774 
15486 383 19188 
17871 117 5889 
18010 103 5196 
14553 158 7934 
14553 165 8267 
14452 149 7477 
17669 0 1 
15701 386 19331 
16764 38 1904 
15415 301 15066 
17265 212 10602 
18263 101 5062 
14617 13 690 
17683 200 10016 
14553 135 6760 
15429 52 2641 
17406 127 6388 
18754 166 8302 
16853 40 2031 
17112 49 2497 
17206 46 2337 
18044 122 6131 
15118 100 5016 
17869 227 11388 
18469 172 8621 
14722 226 11315 
18007 54 2719 
18007 83 4176 
17239 41 2079 
15927 132 6637 
17434 41 2061 
17726 57 2876 
14124 78 3939 
14124 78 3949 
14124 116 5818 
14546 26 1306 
17195 27 1371 
18010 223 11163 
18024 89 4480 
18748 65 3272 
17783 98 4909 
17840 447 22376 
17100 45 2252 
17406 24 1241 
17205 158 7946 
14436 193 9693 
14531 16 822 
17245 26 1305 
18636 223 11171 
14432 37 1900 
17073 22 1131 
17851 283 14178 
14569 82 4107 
14573 27 1392 
16072 8 407 
18269 94 4712 
14526 53 2698 
17696 38 1922 
16405 29 1499 
17696 93 4696 
18947 259 12972 
15801 424 21232 
15801 424 21241 
18232 70 3514 
15514 66 3307 
15514 129 6475 
17990 441 22085 
14467 247 12351 
18062 220 11039 
15161 129 6483 
18266 40 2017 
17985 220 11027 
15014 180 9022 
15949 208 10426 
17827 19 992 
16212 3 191 
16212 10 549 
14410 211 10573 
16196 113 5697 
18752 27 1358 
18752 27 1395 
18960 57 2878 
14675 55 2774 
14152 55 2752 
14152 157 7859 
16281 206 10343 
17250 2 136 
17250 99 4993 
14798 76 3839 
17011 326 16327 
14428 248 12436 
15127 81 4077 
15822 9 474 
14269 135 6776 
15591 203 10163 
16834 101 5082 
15676 36 1842 
14888 194 9740 
16210 48 2437 
18021 80 4011 
18021 80 4029 
18712 114 5748 
17131 53 2698 
15467 29 1459 
14890 103 5186 
15097 8 431 
17383 13 670 
18733 38 1920 
15489 167 8387 
14626 221 11060 
16770 75 3771 
17432 5 273 
17432 18 903 
17789 12 637 
14883 45 2300 
15122 144 7234 
15114 96 4847 
16883 13 654 
17693 279 13987 
17985 403 20186 
14543 168 8412 
15696 54 2749 
17169 146 7331 
15873 229 11463 
15227 118 5903 
16243 189 9482 
18021 627 31388 
18021 627 31399 
17215 5 263 
17256 160 8004 
16477 5 273 
17858 217 10854 
14572 65 3274 
17496 32 1609 
18269 72 3629 
15471 61 3096 
15902 244 12209 
18010 324 16245 
14516 19 973 
15486 255 12798 
15800 144 7235 
15851 3 156 
18510 369 18452 
17004 218 10904 
18024 10 532 
18929 108 5414 
18717 91 4574 
18709 7 374 
15771 37 1881 
14186 26 1316 
14556 212 10617 
15640 35 1783 
15292 63 3195 
14191 68 3419 
17073 10 538 
14306 154 7727 
18922 562 28111 
18761 198 9950 
18794 176 8823 
18794 346 17302 
14713 58 2912 
17757 48 2432 
15603 82 4127 
17985 40 2018 
17985 312 15609 
17722 62 3136 
15632 30 1527 
15785 269 13451 
17667 205 10259 
17667 219 11000 
17871 295 14778 
17361 318 15927 
15673 125 6277 
18234 49 2498 
17522 2 141 
17683 144 7242 
14537 29 1473 
17237 183 9168 
14436 298 14949 
14981 56 2802 
14301 144 7220 
15783 388 19422 
17683 86 4302 
18021 690 34505 
18514 248 12439 
16888 369 18481 
17328 114 5719 
14146 76 3820 
16562 35 1757 
15940 108 5443 
15960 253 12664 
16095 14 720 
18021 84 4207 
18021 157 7873 
17400 67 3384 
18760 162 8140 
14611 124 6245 
16041 193 9663 
17960 180 9030 
17960 180 9045 
15318 29 1493 
15449 42 2105 
15449 75 3752 
17269 43 2174 
14269 194 9727 
16257 10 543 
17840 110 5548 
17057 116 5834 
18760 185 9281 
18926 117 5870 
15291 12 642 
16446 346 17339 
14133 74 3718 
17671 325 16283 
17671 325 16294 
18021 342 17138 
16499 311 15570 
17089 54 2722 
17089 122 6122 
18676 250 12523 
15969 423 21158 
17763 31 1552 
18760 232 11604 
15808 53 2685 
16926 64 3216 
18225 215 10763 
18793 61 3052 
16301 85 4283 
17055 175 8794 
16693 235 11771 
17361 196 9841 
18286 149 7486 
16258 7 352 
18865 60 3033 
18603 198 9919 
16038 261 13078 
16159 0 34 
14965 46 2344 
17383 477 23860 
15966 285 14296 
16731 219 10952 
14297 54 2727 
18032 36 1807 
15341 10 501 
15859 116 5823 
18283 8 442 
15461 15 766 
15870 9 451 
15969 408 20424 
17683 181 9079 
16075 170 8540 
15179 36 1845 
15774 98 4933 
16869 4 231 
16869 87 4371 
17057 36 1844 
16341 11 599 
16341 427 21389 
17308 27 1382 
14295 147 7386 
15916 426 21326 
17165 16 840 
17719 101 5079 
14460 14 706 
17726 58 2946 
15828 279 13969 
18010 139 6951 
15961 244 12212 
17561 25 1286 
14901 84 4210 
15902 380 19032 
18926 65 3283 
15751 30 1519 
16878 209 10486 
14372 139 6969 
16851 171 8579 
18733 58 2914 
15394 91 4576 
15149 101 5086 
15640 85 4279 
14639 19 971 
17869 6 305 
18021 257 12894 
17866 0 45 
18665 330 16511 
14763 13 678 
15529 37 1875 
15433 105 5292 
18010 213 10672 
14332 41 2058 
18257 97 4875 
17287 113 5699 
14148 234 11709 
14927 68 3427 
15771 29 1498 
15981 300 15028 
16444 68 3413 
16676 253 12652 
17692 106 5333 
17753 174 8721 
15061 7 369 
17789 34 1741 
16002 23 1194 
18903 262 13124 
14235 139 6996 
15800 210 10519 
17406 19 982 
17112 88 4416 
18760 220 11001 
18760 287 14353 
15425 196 9817 
15870 198 9908 
16112 145 7299 
16205 180 9005 
17693 228 11425 
18911 138 6936 
18911 138 6942 
15501 241 12057 
17696 174 8719 
16730 4 201 
17364 23 1166 
18676 489 24463 
18469 24 1208 
16160 22 1111 
16160 68 3405 
18226 174 8749 
15909 177 8896 
16022 153 7689 
16022 225 11288 
16117 18 918 
16551 112 5645 
17409 61 3099 
18218 188 9438 
18958 41 2060 
15140 96 4805 
15167 101 5090 
15894 123 6167 
14721 60 3044 
14721 155 7799 
14828 197 9865 
16172 511 25554 
18508 186 9340 
14392 142 7124 
17214 9 455 
18685 175 8786 
15909 250 12518 
18242 232 11642 
14425 57 2855 
15456 172 8617 
17960 35 1777 
15403 86 4319 
18794 350 17519 
16295 228 11440 
17865 147 7399 
18760 228 11420 
16751 86 4338 
16751 110 5512 
18008 14 727 
17494 2 138 
17494 201 10100 
14743 4 247 
15013 5 288 
15851 120 6023 
16873 128 6439 
16172 157 7862 
17961 0 13 
17961 53 2662 
14873 118 5901 
15348 7 371 
16104 16 837 
16583 130 6536 
16583 239 11989 
18021 503 25191 
15322 25 1295 
15322 27 1374 
15442 8 413 
17658 57 2866 
17240 213 10695 
18010 231 11597 
18228 192 9610 
15484 68 3426 
16832 29 1495 
16172 293 14693 
17696 56 2803 
17662 190 9510 
18044 113 5659 
16172 139 6988 
16275 120 6049 
14907 130 6513 
16230 40 2017 
14881 24 1215 
15316 162 8106 
18754 109 5476 
15639 159 7988 
15639 159 7990 
17365 86 4314 
14782 102 5111 
15411 31 1581 
15527 17 855 
17637 49 2459 
17684 32 1625 
18234 81 4053 
18234 120 6013 
14427 68 3421 
14463 89 4453 
18040 23 1151 
18021 266 13350 
15099 103 5177 
18021 206 10320 
18741 33 1686 
17655 64 3238 
18623 34 1724 
15422 74 3705 
15589 68 3413 
18027 17 879 
14939 82 4126 
14989 287 14386 
17488 142 7107 
14290 308 15432 
18508 355 17783 
15497 59 2996 
17665 43 2162 
18032 43 2161 
14338 306 15314 
15145 106 5342 
17765 5 262 
14672 22 1150 
16266 198 9949 
17208 41 2090 
14228 1 55 
14228 37 1893 
18646 131 6576 
18646 131 6587 
16147 201 10059 
16544 161 8086 
18574 268 13408 
15713 270 13545 
16970 82 4133 
14546 6 303 
14708 9 468 
16507 94 4711 
17144 146 7323 
18021 560 28039 
14564 164 8221 
14970 173 8669 
15479 28 1450 
15680 36 1830 
17139 35 1787 
18712 270 13541 
18935 346 17311 
15057 66 3339 
15923 277 13865 
17028 93 4681 
17978 231 11560 
14615 5 270 
17858 1 93 
14157 158 7916 
18794 325 16296 
17055 311 15579 
17055 429 21467 
17138 131 6568 
18035 213 10684 
18265 122 6111 
14548 91 4591 
15249 111 5590 
17955 55 2760 
17955 55 2767 
15115 149 7455 
16524 127 6360 
18225 269 13472 
14716 62 3102 
18781 145 7280 
18265 104 5234 
15246 118 5905 
16802 182 9145 
18226 238 11916 
15859 134 6703 
15859 340 17005 
14270 196 9817 
17453 25 1281 
15222 16 845 
15722 192 9604 
17662 111 5585 
18927 96 4839 
18632 105 5293 
14713 14 725 
17611 91 4592 
15350 40 2029 
15350 100 5020 
17961 50 2525 
18731 110 5540 
14270 151 7592 
15136 61 3091 
15667 13 688 
18031 246 12320 
14148 29 1484 
16942 46 2335 
17287 25 1278 
17287 145 7283 
15479 200 10025 
18008 71 3595 
17089 107 5387 
17198 79 3954 
17322 56 2848 
17840 216 10847 
16909 48 2418 
15528 27 1363 
16964 452 22649 
16964 516 25832 
14242 7 361 
15921 139 6977 
17171 35 1795 
15450 108 5417 
14245 36 1826 
14924 208 10436 
15932 45 2254 
18253 54 2713 
18253 54 2747 
18032 381 19067 
18927 63 3159 
16864 235 11760 
14321 10 531 
14396 20 1012 
14900 72 3617 
18841 49 2467 
18049 38 1928 
14279 187 9354 
15125 79 3964 
15843 6 318 
16464 37 1857 
18235 258 12921 
15789 19 958 
15789 70 3505 
15238 119 5968 
17973 0 24 
18044 447 22375 
14727 72 3610 
14235 138 6915 
18793 4 223 
16919 512 25649 
16073 276 13811 
18923 524 26219 
14136 56 2824 
17415 34 1736 
17415 285 14255 
14173 1 74 
14408 12 635 
15425 6 321 
15163 24 1250 
15970 270 13506 
15734 9 490 
16081 73 3682 
18021 0 30 
18957 415 20770 
16313 291 14562 
17686 203 10200 
17686 269 13458 
16346 172 8619 
14870 292 14637 
15360 91 4596 
15360 149 7455 
14911 87 4389 
14562 13 667 
15921 127 6386 
16950 0 14 
16950 203 10155 
18615 362 18121 
17691 43 2181 
14558 157 7900 
16467 90 4514 
17037 0 18 
16544 83 4175 
16825 101 5096 
15961 152 7635 
15416 131 6558 
17199 43 2198 
15017 121 6093 
15099 55 2758 
15296 198 9930 
14774 16 832 
14774 62 3116 
18732 319 15954 
14358 232 11635 
15640 239 11964 
14734 184 9221 
15836 12 629 
14549 26 1305 
16073 85 4261 
14722 41 2092 
14722 184 9226 
18746 7 379 
16486 28 1424 
17235 54 2739 
17618 23 1191 
18694 75 3753 
15987 130 6521 
18911 11 551 
14801 41 2066 
15910 142 7113 
17675 60 3026 
15497 179 8988 
14555 96 4846 
15491 43 2189 
14329 10 505 
16141 150 7537 
18773 0 35 
16199 248 12408 
18268 20 1004 
16749 49 2459 
18497 168 8409 
16741 187 9399 
15125 166 8345 
15125 166 8346 
18044 182 9121 
15639 205 10297 
15683 79 3981 
17239 58 2934 
18062 225 11267 
14975 12 620 
16525 119 5985 
18265 129 6463 
15495 6 310 
15495 64 3210 
15265 5 299 
18687 324 16228 
17174 79 3994 
17730 38 1939 
18709 382 19116 
15713 147 7390 
15799 227 11363 
17726 16 809 
17726 95 4774 
15886 9 453 
17849 125 6295 
17488 64 3245 
15478 50 2543 
18021 468 23424 
14749 308 15426 
15428 156 7804 
16947 274 13702 
18760 285 14280 
16845 520 26006 
18474 240 12045 
17496 2 107 
15499 111 5551 
14810 4 208 
14810 20 1007 
15355 38 1942 
15469 217 10884 
15343 250 12504 
14707 12 611 
16562 34 1734 
15923 54 2737 
16145 70 3546 
17986 19 990 
17986 167 8358 
18026 70 3538 
18026 70 3548 
14376 244 12202 
18059 163 8164 
17847 257 12872 
16138 21 1079 
16788 71 3551 
14901 173 8678 
14901 219 10966 
14409 181 9064 
17048 7 388 
18265 84 4239 
18760 83 4199 
14772 94 4715 
15762 119 5965 
17990 328 16401 
17990 328 16448 
15872 82 4138 
16205 273 13682 
17306 50 2537 
16169 387 19361 
18009 12 608 
15799 41 2057 
15064 12 649 
14268 39 1965 
18506 39 1962 
15117 189 9454 
15369 236 11802 
14327 86 4305 
17637 64 3216 
17249 58 2911 
17249 328 16406 
17500 21 1059 
16581 1 99 
16536 35 1756 
14338 10 503 
16949 292 14634 
14582 15 792 
17722 123 6161 
16932 18 939 
14324 10 526 
14324 17 862 
17492 72 3619 
18919 26 1328 
18919 27 1397 
18919 44 2218 
17686 347 17358 
18760 262 13124 
17240 365 18274 
17602 2 133 
17664 2 139 
17664 73 3663 
18699 107 5374 
18922 69 3485 
15970 459 22959 
14535 131 6571 
17415 103 5197 
17354 28 1438 
16742 8 424 
16742 17 865 
14710 29 1471 
14710 37 1883 
16845 464 23245 
16845 464 23249 
14959 28 1434 
14959 141 7059 
14712 62 3105 
14712 177 8883 
15116 219 10956 
17530 120 6008 
15877 1 95 
17600 123 6196 
14453 33 1680 
17552 128 6432 
17865 254 12718 
15893 70 3531 
15895 15 759 
17082 14 724 
17338 61 3076 
15805 42 2136 
16141 75 3768 
16173 156 7837 
16978 29 1453 
15439 59 2966 
16585 122 6142 
18862 631 31600 
15465 94 4704 
17372 84 4232 
15117 88 4407 
16310 72 3634 
16842 62 3104 
16840 81 4065 
14233 23 1181 
18609 174 8738 
18719 48 2441 
16048 16 841 
15273 161 8065 
15502 9 482 
17312 162 8130 
17108 1 96 
17621 44 2227 
15328 84 4240 
16888 176 8811 
14418 220 11026 
16307 46 2344 
16963 18 908 
18928 234 11746 
17877 50 2501 
18495 23 1169 
14464 30 1509 
17744 36 1826 
14991 9 480 
17589 22 1126 
16916 100 5028 
16921 45 2257 
14239 63 3168 
18790 108 5413 
18679 116 5803 
14360 36 1813 
17162 128 6450 
18574 256 12839 
14124 202 10150 
15722 68 3421 
15801 297 14897 
18514 280 14027 
15952 45 2253 
15294 7 353 
16690 12 629 
16690 50 2506 
18018 14 706 
18018 22 1131 
18492 330 16517 
17621 126 6322 
18488 394 19707 
16112 10 501 
18678 35 1768 
18678 170 8513 
17408 15 794 
15106 112 5636 
17070 59 2982 
17365 54 2746 
14899 278 13934 
14154 114 5713 
15657 22 1129 
17129 46 2346 
14771 128 6435 
17334 142 7145 
18028 29 1481 
18922 70 3527 
18947 100 5009 
14275 11 552 
15961 74 3749 
17249 358 17918 
17998 10 535 
17998 10 543 
18793 41 2071 
15073 67 3376 
15397 4 217 
17055 396 19839 
17753 7 360 
17753 31 1596 
14342 157 7883 
15275 27 1359 
14917 52 2638 
14917 57 2855 
15473 224 11248 
15673 33 1672 
16499 108 5409 
14259 156 7836 
14785 43 2186 
15478 351 17584 
18712 229 11461 
15299 6 328 
17482 47 2360 
18678 352 17630 
14291 128 6405 
17865 314 15701 
17865 314 15736 
18010 72 3620 
14799 2 128 
15147 127 6371 
15386 3 188 
15386 21 1061 
15722 86 4326 
16801 37 1895 
14436 254 12723 
15894 174 8705 
17429 0 29 
16092 101 5075 
17366 35 1781 
16697 95 4765 
17568 10 507 
14676 2 109 
16802 212 10631 
17726 43 2191 
15927 293 14689 
15251 151 7589 
18910 50 2537 
17693 222 11121 
14897 98 4946 
17671 397 19853 
16089 432 21624 
18900 43 2199 
18900 100 5047 
18926 182 9115 
15965 402 20133 
18673 147 7384 
15382 131 6567 
17092 20 1033 
17159 29 1499 
18796 28 1427 
15138 0 45 
15448 122 6114 
16751 299 14962 
15447 199 9963 
14584 168 8421 
15509 121 6089 
15153 156 7823 
18731 24 1234 
16776 80 4002 
16776 144 7218 
15593 181 9062 
15593 181 9064 
18510 273 13653 
18784 12 644 
18926 78 3941 
18701 82 4136 
15808 98 4901 
16304 192 9618 
17611 31 1562 
18931 70 3536 
15529 222 11104 
18469 147 7360 
16826 387 19394 
16004 6 334 
14329 131 6576 
17840 405 20251 
16008 324 16211 
17109 51 2577 
17834 59 2968 
15762 18 950 
16489 69 3471 
15421 27 1369 
15529 1 63 
18612 63 3195 
18907 45 2300 
14277 210 10523 
17109 124 6231 
17110 12 623 
14590 82 4148 
16446 286 14317 
17371 491 24593 
16150 175 8773 
15890 45 2277 
17693 135 6774 
15902 126 6314 
16509 55 2763 
15919 60 3019 
18007 4 208 
18760 84 4217 
18760 187 9373 
18923 463 23191 
17083 13 681 
17077 73 3699 
14468 58 2914 
15125 85 4277 
17302 94 4724 
18007 35 1760 
18007 35 1773 
14998 138 6912 
17871 228 11418 
17871 98 4901 
18692 489 24484 
14684 9 497 
15297 99 4987 
16805 146 7318 
17992 13 652 
17560 147 7353 
17594 79 3978 
15474 54 2722 
15474 63 3168 
17795 7 351 
18225 221 11074 
17681 34 1718 
17681 55 2759 
16071 143 7189 
14454 10 517 
14454 19 974 
16805 109 5468 
17540 31 1571 
17138 137 6868 
17871 102 5139 
17083 125 6285 
18915 70 3538 
14327 84 4207 
17985 394 19734 
17413 340 17004 
16731 9 459 
18603 141 7087 
18021 473 23655 
18489 227 11390 
16186 78 3939 
17169 44 2236 
15322 147 7392 
17662 121 6062 
17240 505 25292 
17869 49 2493 
16169 173 8661 
18219 33 1656 
17636 44 2219 
17686 122 6111 
15603 142 7133 
15442 80 4012 
17875 423 21192 
15875 140 7011 
17077 17 875 
18951 259 12983 
16356 43 2162 
15236 91 4580 
17528 9 454 
16272 91 4566 
18631 380 19022 
17559 75 3787 
18609 35 1780 
14268 46 2324 
14582 30 1512 
15588 329 16473 
15147 59 2955 
15116 278 13915 
15356 45 2290 
18619 74 3736 
17237 169 8462 
15497 379 18991 
18709 127 6391 
15915 187 9357 
14248 2 146 
16199 244 12242 
18677 69 3485 
14427 44 2217 
17990 317 15864 
16352 258 12918 
17251 140 7038 
17251 193 9655 
14917 43 2172 
15396 120 6050 
18032 96 4839 
16119 383 19177 
17985 116 5842 
14880 158 7942 
14325 25 1261 
16099 31 1575 
16059 55 2800 
15367 95 4798 
17448 178 8926 
17675 77 3890 
14427 191 9554 
16022 197 9871 
15395 91 4579 
14626 165 8289 
17575 37 1869 
18489 224 11222 
18951 112 5636 
17044 117 5891 
15762 186 9316 
17484 239 11960 
16352 123 6183 
15916 511 25564 
17112 126 6334 
17112 136 6832 
18915 155 7775 
17309 32 1630 
14295 75 3789 
14551 185 9279 
14923 19 998 
17099 38 1928 
18677 190 9535 
17004 2 136 
14343 271 13574 
16919 302 15119 
17975 97 4898 
17237 5 261 
16171 40 2027 
17401 109 5457 
15113 24 1240 
15160 83 4186 
17004 57 2856 
14557 82 4140 
14557 154 7702 
16091 54 2735 
14831 10 522 
14825 17 890 
14222 62 3145 
18779 407 20351 
17757 8 401 
17757 38 1917 
17056 88 4443 
16826 409 20460 
18041 33 1677 
17352 292 14635 
18283 37 1865 
17561 8 429 
18794 69 3465 
14121 132 6604 
16150 28 1407 
15970 336 16815 
15433 74 3745 
17509 78 3921 
16250 160 8034 
16292 69 3465 
18922 527 26356 
18922 527 26359 
15465 38 1911 
15465 38 1937 
14764 108 5448 
18235 243 12155 
14699 3 171 
14603 59 2973 
14301 27 1374 
17174 12 615 
14452 39 1971 
16288 92 4623 
16288 247 12354 
17985 344 17225 
17998 162 8106 
18903 277 13874 
17203 61 3073 
14967 7 352 
17307 5 268 
17307 58 2918 
14903 94 4715 
17027 52 2605 
18527 417 20854 
16160 217 10894 
16731 405 20300 
15667 3 156 
15667 3 175 
18951 236 11834 
16519 95 4772 
16107 2 108 
17398 130 6542 
16515 1 96 
15231 130 6527 
14277 27 1394 
18882 137 6886 
14245 180 9015 
18021 579 28968 
17041 67 3367 
17295 25 1286 
14313 299 14997 
16529 105 5270 
14338 238 11942 
18732 407 20394 
14279 66 3334 
17400 112 5612 
15242 142 7120 
14556 114 5702 
16854 64 3241 
16439 9 458 
16439 78 3915 
15163 9 490 
18653 261 13083 
17251 14 717 
16394 36 1833 
18786 91 4583 
17561 109 5454 
14301 307 15370 
14637 64 3237 
16551 362 18127 
17612 5 257 
17612 32 1630 
18574 290 14544 
16843 189 9468 
16751 58 2935 
18760 188 9436 
15634 241 12093 
16107 12 621 
17636 4 202 
14159 144 7203 
16965 217 10865 
15528 339 16976 
15252 26 1336 
17195 45 2265 
14535 39 1981 
15677 252 12603 
14455 88 4403 
17383 236 11844 
17855 7 381 
14558 109 5481 
14609 80 4025 
15145 156 7814 
15145 170 8539 
18225 523 26172 
16551 40 2047 
14418 12 605 
17534 16 807 
18876 65 3254 
14281 196 9831 
16227 194 9707 
17667 44 2219 
16352 48 2429 
18527 344 17247 
16843 9 495 
14356 263 13181 
17361 310 15535 
16293 19 968 
14807 28 1427 
17552 148 7425 
15785 135 6787 
17206 319 15975 
17269 172 8644 
16028 278 13901 
14991 275 13767 
16846 267 13351 
14609 165 8283 
14736 199 9969 
14736 225 11254 
17835 83 4172 
15116 63 3197 
17448 21 1060 
17448 144 7237 
16925 51 2563 
16925 116 5813 
17448 71 3584 
17448 99 4989 
14229 23 1175 
15799 128 6440 
17237 399 19964 
17237 487 24367 
17871 92 4618 
17320 45 2268 
18764 24 1239 
18714 154 7722 
14539 64 3241 
16158 486 24328 
16290 5 294 
16290 92 4641 
17122 114 5733 
15182 101 5095 
15973 18 941 
18765 101 5090 
14779 0 46 
18758 4 230 
18876 28 1411 
15713 72 3619 
18011 76 3808 
18011 76 3817 
18731 80 4024 
14573 59 2977 
18790 53 2698 
18468 378 18935 
15458 105 5295 
14425 241 12070 
18266 34 1720 
14216 23 1159 
16148 92 4640 
14554 15 753 
17835 13 692 
16850 211 10596 
18490 133 6675 
18021 618 30941 
14128 6 320 
17251 80 4031 
18024 265 13273 
18024 301 15082 
17612 6 338 
18245 170 8547 
18208 35 1799 
16028 317 15873 
14759 25 1255 
14812 75 3753 
14812 129 6482 
18636 48 2435 
17692 161 8093 
17692 161 8095 
15330 46 2312 
14542 24 1245 
16352 151 7577 
17126 136 6820 
15423 12 602 
14637 121 6091 
17004 34 1721 
18024 10 532 
15930 233 11661 
17156 121 6067 
14901 73 3698 
16525 93 4664 
14257 77 3861 
17865 334 16711 
15927 7 384 
17052 7 351 
18712 148 7433 
14347 90 4510 
16023 44 2205 
16023 44 2232 
18665 248 12430 
17440 170 8525 
15428 55 2771 
15484 50 2533 
17341 56 2822 
15724 9 488 
17372 24 1241 
14573 68 3440 
15348 253 12678 
18024 275 13791 
15867 106 5328 
16925 62 3138 
15316 12 633 
16052 430 21504 
17240 83 4178 
15715 126 6336 
14747 8 435 
15343 104 5245 
16694 0 30 
18957 304 15220 
17240 498 24901 
17853 137 6892 
14543 162 8111 
14884 156 7826 
15652 13 664 
15710 20 1021 
18922 603 30193 
14609 303 15171 
17856 73 3687 
17655 202 10125 
18637 152 7610 
14784 78 3935 
15411 52 2637 
14772 72 3627 
14772 72 3645 
14772 262 13135 
15421 150 7539 
14912 80 4014 
16197 39 1969 
18010 3 186 
17326 66 3311 
16805 107 5400 
14692 30 1502 
14692 38 1919 
15514 128 6421 
16352 443 22155 
16281 164 8205 
14191 200 10019 
14191 212 10650 
17504 12 643 
14377 187 9383 
18515 6 333 
18021 710 35516 
15156 19 960 
15778 99 4960 
15778 99 4998 
14897 1 100 
17122 115 5798 
16028 474 23732 
18021 5 288 
18021 321 16062 
18752 84 4247 
18752 245 12274 
17865 169 8472 
14555 2 130 
16075 464 23215 
17333 164 8234 
15181 38 1945 
14796 24 1237 
18717 25 1269 
15640 10 524 
17664 79 3994 
15120 20 1037 
18701 142 7130 
16021 130 6504 
17489 73 3673 
16498 12 609 
16498 12 624 
17383 558 27936 
15436 317 15872 
16802 22 1103 
14524 30 1522 
16935 340 17010 
17575 24 1229 
16693 133 6665 
14431 96 4804 
15528 261 13070 
17998 66 3333 
18692 240 12006 
18510 101 5076 
15970 369 18500 
16964 439 21992 
