Run Subrun Event
5263 67 3387 
5270 3 165 
5270 3 188 
5270 6 314 
5270 10 505 
5270 36 1810 
5270 39 1975 
5270 41 2090 
5270 47 2376 
5376 8 427 
5333 40 2001 
5333 84 4220 
5741 12 611 
5741 53 2679 
5557 15 762 
5557 90 4507 
5557 131 6588 
5914 119 5985 
5564 35 1754 
5564 201 10094 
5370 126 6331 
5499 10 546 
5499 20 1042 
5499 48 2403 
5516 74 3736 
5332 35 1788 
5419 16 815 
5419 104 5201 
5370 4 245 
5370 5 273 
5370 86 4318 
5333 15 752 
5333 61 3081 
5130 48 2414 
5130 53 2689 
5444 37 1884 
5361 150 7518 
5361 159 7971 
5215 51 2571 
5215 52 2621 
5437 79 3961 
5364 139 6961 
5511 9 458 
5520 14 735 
5520 17 874 
5204 20 1020 
5497 67 3395 
5497 87 4357 
5497 104 5247 
5497 136 6801 
5211 58 2920 
5153 80 4020 
5157 51 2561 
5157 116 5825 
5122 0 5 
5122 20 1004 
5566 37 1859 
5566 37 1863 
5368 62 3146 
5368 83 4171 
5399 28 1434 
5399 49 2451 
5399 68 3436 
5464 11 576 
5153 97 4886 
5136 5 261 
5136 22 1150 
5136 46 2309 
5694 5 289 
5694 22 1132 
5694 49 2459 
5694 51 2594 
5526 12 612 
5526 14 745 
5216 8 418 
5216 8 449 
5216 52 2627 
5216 52 2644 
5275 33 1692 
5275 40 2013 
5275 41 2082 
5124 12 622 
5124 20 1002 
5726 5 255 
5726 40 2014 
5726 41 2097 
5726 79 3999 
5589 20 1007 
5589 94 4739 
5411 112 5648 
5531 86 4342 
5531 92 4614 
5179 190 9533 
5195 47 2353 
5124 25 1288 
5528 53 2681 
5136 25 1290 
5136 51 2582 
5541 69 3476 
5906 8 401 
5906 25 1286 
5906 129 6455 
5891 139 6999 
5179 18 901 
5179 145 7288 
5179 228 11421 
5154 21 1068 
5154 25 1257 
5154 161 8065 
5643 16 801 
5565 6 301 
5155 37 1867 
5155 61 3052 
5155 71 3599 
5155 74 3741 
5155 121 6099 
5155 148 7419 
5896 16 803 
5896 44 2227 
5332 52 2629 
5332 147 7372 
5731 26 1302 
5937 21 1100 
5154 192 9636 
5272 1 55 
5272 3 197 
5272 28 1419 
5272 70 3506 
5272 72 3619 
5272 72 3636 
5195 6 327 
5195 17 878 
5367 9 493 
5273 8 421 
5273 102 5147 
5273 154 7720 
5273 55 2785 
5189 4 203 
5189 15 768 
5452 16 824 
5452 26 1348 
5203 83 4160 
5203 84 4231 
5607 2 138 
5607 19 989 
5214 18 938 
5214 64 3211 
5214 76 3832 
5214 38 1923 
5941 25 1290 
5433 51 2569 
5433 169 8452 
5718 9 474 
5718 21 1096 
5938 38 1944 
5433 158 7920 
5906 61 3054 
5906 150 7540 
5497 38 1917 
5497 62 3142 
5497 77 3861 
5497 103 5192 
5497 140 7036 
5328 2 112 
5344 29 1460 
5771 37 1868 
5531 63 3164 
5923 24 1247 
5532 8 431 
5211 10 550 
5211 35 1787 
5211 36 1818 
5164 25 1267 
5164 30 1534 
5164 31 1551 
5436 127 6376 
5368 116 5831 
5179 24 1230 
5179 124 6210 
5151 90 4527 
5151 120 6009 
5151 134 6733 
5332 55 2783 
5332 106 5324 
5332 171 8577 
5617 49 2488 
5391 7 390 
5391 25 1291 
5515 64 3250 
5515 71 3554 
5515 82 4117 
5515 87 4359 
5515 123 6195 
5515 141 7058 
5515 153 7656 
5515 178 8906 
5515 218 10915 
5589 9 472 
5501 35 1752 
5912 84 4210 
5914 36 1847 
5914 37 1870 
5914 76 3812 
5914 103 5198 
5390 14 748 
5390 51 2553 
5390 53 2663 
5368 5 273 
5368 25 1268 
5280 43 2157 
5280 89 4489 
5450 12 623 
5528 3 169 
5528 3 191 
5528 46 2311 
5452 18 929 
5194 20 1031 
5194 23 1164 
5522 21 1080 
5933 42 2112 
5933 172 8637 
5779 44 2210 
5938 57 2888 
5233 3 166 
5233 18 926 
5233 51 2572 
5233 53 2670 
5371 69 3484 
5361 74 3702 
5361 133 6698 
5361 205 10292 
5361 205 10296 
5263 76 3801 
5777 23 1153 
5777 24 1231 
5561 71 3588 
5561 88 4422 
5909 50 2511 
5192 2 112 
5924 38 1905 
5924 38 1918 
5328 90 4519 
5328 91 4577 
5155 41 2089 
5508 17 858 
5508 83 4168 
5208 46 2303 
5208 110 5537 
5208 145 7292 
5326 69 3460 
5783 13 678 
5783 77 3896 
5783 83 4191 
5783 123 6173 
5385 10 528 
5385 11 565 
5385 175 8772 
5370 33 1677 
5370 139 6994 
5589 76 3802 
5184 34 1728 
5777 25 1276 
5385 39 1994 
5385 88 4424 
5385 99 4953 
5385 99 4961 
5204 6 328 
5204 8 411 
5204 8 424 
5204 51 2590 
5204 139 6975 
5204 156 7833 
5925 104 5248 
5925 105 5264 
5339 46 2345 
5339 107 5367 
5758 27 1368 
5758 53 2684 
5758 73 3689 
5384 59 2970 
5384 59 2982 
5516 76 3813 
5516 81 4062 
5516 83 4178 
5375 24 1248 
5167 17 884 
5916 3 176 
5440 4 232 
5340 57 2869 
5340 91 4553 
5892 25 1290 
5892 56 2802 
5262 26 1309 
5262 112 5635 
5776 8 444 
5776 14 715 
5776 40 2024 
5776 49 2460 
5776 54 2702 
5564 45 2261 
5564 45 2267 
5564 224 11221 
5782 36 1845 
5782 136 6804 
5536 51 2569 
5392 3 177 
5912 76 3829 
5912 90 4508 
5912 108 5447 
5375 23 1196 
5375 28 1429 
5235 27 1391 
5235 59 2984 
5705 28 1439 
5705 52 2639 
5705 143 7200 
5451 3 195 
5451 11 576 
5451 16 803 
5451 19 960 
5932 36 1812 
5237 35 1794 
5208 117 5881 
5394 5 252 
5394 24 1207 
5277 20 1049 
5418 20 1043 
5418 118 5930 
5418 166 8302 
5691 17 887 
5691 130 6523 
5229 68 3447 
5229 84 4224 
5932 3 164 
5478 10 519 
5588 52 2614 
5588 92 4631 
5588 214 10750 
5127 114 5728 
5384 83 4166 
5339 30 1513 
5339 45 2260 
5339 55 2769 
5339 87 4384 
5515 103 5195 
5515 215 10755 
5515 215 10786 
5399 42 2107 
5195 2 107 
5195 58 2921 
5167 7 399 
5367 6 336 
5362 7 394 
5361 145 7280 
5361 207 10356 
5361 217 10857 
5512 45 2291 
5512 86 4348 
5512 165 8288 
5512 166 8304 
5512 201 10059 
5146 43 2166 
5334 1 54 
5130 19 985 
5164 40 2027 
5164 43 2197 
5328 41 2052 
5328 41 2061 
5328 80 4013 
5328 96 4802 
5653 24 1203 
5653 47 2399 
5653 78 3913 
5146 11 558 
5146 37 1877 
5390 16 821 
5390 24 1232 
5340 7 361 
5340 47 2373 
5340 74 3701 
5340 101 5069 
5470 53 2659 
5470 53 2663 
5155 98 4919 
5910 0 13 
5772 17 852 
5332 11 589 
5332 128 6411 
5445 30 1527 
5445 38 1921 
5445 52 2618 
5329 7 380 
5531 88 4412 
5709 11 586 
5709 82 4116 
5709 101 5099 
5709 130 6514 
5709 144 7250 
5581 74 3714 
5462 63 3156 
5462 78 3945 
5598 19 963 
5371 44 2211 
5151 31 1553 
5151 42 2130 
5151 57 2892 
5151 147 7353 
5151 162 8115 
5527 88 4418 
5339 5 296 
5339 27 1373 
5528 8 429 
5528 43 2155 
5528 58 2949 
5428 7 370 
5428 19 1000 
5428 25 1289 
5557 129 6460 
5262 20 1022 
5262 60 3037 
5262 209 10455 
5262 211 10573 
5929 70 3505 
5614 7 370 
5187 223 11165 
5586 193 9652 
5436 78 3901 
5436 106 5316 
5436 153 7671 
5229 2 134 
5229 12 625 
5229 57 2870 
5229 80 4022 
5597 40 2049 
5597 41 2075 
5597 61 3078 
5650 15 781 
5532 82 4141 
5724 13 657 
5724 24 1237 
5151 164 8226 
5912 71 3584 
5211 50 2519 
5211 85 4275 
5331 38 1912 
5513 26 1326 
5513 49 2498 
5513 61 3053 
5187 29 1487 
5187 180 9050 
5187 202 10119 
5187 204 10237 
5187 211 10577 
5187 233 11658 
5262 110 5545 
5262 167 8387 
5169 102 5109 
5280 58 2907 
5280 121 6085 
5656 34 1727 
5504 0 25 
5504 11 598 
5504 13 683 
5170 7 369 
5170 21 1096 
5515 108 5434 
5515 144 7210 
5515 216 10824 
5515 216 10849 
5371 21 1063 
5266 9 482 
5266 10 532 
5266 18 940 
5211 42 2131 
5897 29 1490 
5897 35 1772 
5495 26 1308 
5489 2 138 
5540 0 18 
5540 8 449 
5540 92 4627 
5586 47 2374 
5586 119 5972 
5586 174 8741 
5462 52 2621 
5365 7 390 
5203 4 219 
5203 100 5041 
5497 26 1317 
5497 53 2665 
5497 157 7883 
5331 45 2283 
5331 81 4063 
5331 93 4660 
5512 9 454 
5322 16 818 
5733 66 3317 
5561 48 2433 
5368 38 1905 
5462 81 4062 
5462 81 4088 
5462 88 4418 
5776 47 2379 
5935 47 2372 
5273 106 5312 
5273 107 5400 
5731 35 1790 
5208 14 738 
5208 63 3198 
5208 86 4319 
5691 65 3252 
5691 172 8641 
5263 28 1403 
5151 176 8824 
5151 191 9590 
5526 20 1017 
5526 24 1234 
5729 6 310 
5729 6 350 
5729 73 3663 
5364 162 8107 
5364 189 9473 
5897 0 21 
5897 17 874 
5897 21 1092 
5897 61 3063 
5897 62 3101 
5897 62 3127 
5385 4 235 
5385 119 6000 
5344 7 369 
5895 30 1524 
5921 4 245 
5921 36 1829 
5921 122 6141 
5921 129 6491 
5541 5 285 
5541 75 3756 
5541 75 3788 
5171 16 829 
5171 69 3491 
5403 9 487 
5403 36 1801 
5403 36 1840 
5566 6 335 
5566 32 1646 
5933 141 7052 
5541 51 2557 
5541 53 2671 
5541 59 2979 
5541 71 3581 
5487 12 647 
5487 55 2758 
5375 41 2053 
5382 26 1329 
5382 188 9423 
5653 50 2541 
5769 48 2430 
5769 72 3629 
5769 6 301 
5769 42 2142 
5480 35 1795 
5480 37 1851 
5382 170 8545 
5656 28 1402 
5237 20 1007 
5237 20 1041 
5237 24 1202 
5237 36 1849 
5237 60 3042 
5643 12 623 
5643 42 2108 
5215 10 522 
5418 0 21 
5418 1 54 
5418 40 2033 
5418 93 4697 
5418 157 7876 
5762 61 3060 
5121 33 1663 
5478 15 752 
5478 29 1478 
5478 60 3041 
5516 87 4374 
5527 38 1934 
5527 58 2910 
5527 93 4673 
5409 33 1664 
5412 3 155 
5364 87 4385 
5364 131 6553 
5354 22 1117 
5725 51 2554 
5725 54 2712 
5164 14 736 
5164 19 985 
5164 52 2610 
5650 68 3435 
5650 73 3684 
5906 21 1068 
5914 23 1179 
5233 7 377 
5233 7 396 
5233 133 6676 
5567 24 1246 
5233 59 2960 
5233 86 4350 
5233 116 5816 
5262 35 1755 
5262 37 1864 
5262 69 3463 
5262 69 3488 
5214 60 3004 
5365 21 1091 
5706 8 409 
5706 28 1410 
5464 8 431 
5694 33 1662 
5412 21 1055 
5412 66 3338 
5412 156 7830 
5412 157 7880 
5598 87 4354 
5499 68 3433 
5499 143 7158 
5517 7 367 
5517 11 573 
5761 5 296 
5169 23 1164 
5169 113 5662 
5169 172 8602 
5154 47 2384 
5154 68 3431 
5127 8 421 
5127 82 4147 
5127 126 6322 
5127 129 6462 
5709 94 4702 
5709 109 5498 
5709 121 6098 
5709 122 6130 
5377 5 273 
5377 19 987 
5377 25 1272 
5377 39 1954 
5280 65 3275 
5280 99 4985 
5419 69 3466 
5419 100 5015 
5946 18 929 
5401 25 1288 
5401 39 1981 
5691 7 390 
5691 155 7776 
5370 121 6090 
5512 121 6089 
5437 106 5311 
5408 5 275 
5474 9 500 
5474 30 1541 
5474 46 2317 
5474 73 3700 
5474 78 3923 
5474 82 4125 
5474 83 4170 
5474 101 5075 
5598 51 2586 
5598 54 2718 
5726 17 851 
5726 55 2760 
5720 36 1817 
5263 31 1585 
5263 45 2261 
5362 20 1014 
5909 15 764 
5508 136 6813 
5428 23 1176 
5428 27 1387 
5170 0 36 
5151 17 898 
5151 196 9816 
5412 61 3062 
5384 40 2049 
5384 41 2053 
5384 132 6644 
5774 103 5162 
5187 60 3040 
5187 153 7664 
5340 38 1908 
5904 12 627 
5138 5 267 
5782 27 1376 
5782 28 1434 
5782 38 1919 
5782 64 3212 
5782 89 4458 
5782 122 6129 
5433 147 7400 
5419 28 1421 
5329 8 433 
5155 0 1 
5155 1 69 
5155 67 3372 
5203 38 1903 
5273 23 1183 
5273 24 1205 
5444 0 45 
5444 14 741 
5729 98 4909 
5729 122 6102 
5331 25 1285 
5331 53 2667 
5331 70 3530 
5331 115 5764 
5331 167 8392 
5331 215 10789 
5459 11 588 
5459 177 8871 
5459 213 10674 
5459 214 10708 
5459 215 10782 
5767 154 7747 
5418 11 570 
5418 22 1142 
5761 13 698 
5315 6 338 
5725 16 828 
5720 47 2357 
5899 3 180 
5440 43 2152 
5508 123 6184 
5617 33 1673 
5617 56 2804 
5233 82 4101 
5185 6 311 
5185 37 1883 
5185 78 3922 
5509 25 1269 
5509 29 1476 
5161 7 373 
5512 4 222 
5512 128 6405 
5512 163 8157 
5588 132 6642 
5204 4 223 
5204 57 2852 
5204 57 2871 
5204 58 2919 
5204 100 5025 
5204 102 5109 
5204 102 5137 
5905 34 1731 
5179 52 2613 
5179 115 5781 
5519 16 850 
5519 142 7150 
5512 82 4146 
5533 4 212 
5533 5 271 
5262 2 139 
5899 25 1288 
5512 73 3696 
5569 3 159 
5569 17 851 
5569 18 902 
5525 35 1789 
5525 36 1813 
5515 47 2383 
5187 69 3488 
5731 8 430 
5233 93 4689 
5233 125 6280 
5191 16 823 
5191 17 870 
5191 60 3025 
5191 82 4138 
5191 93 4693 
5191 94 4727 
5191 95 4774 
5326 88 4439 
5719 53 2697 
5719 63 3159 
5719 66 3319 
5733 18 943 
5733 115 5791 
5142 15 784 
5566 20 1023 
5566 31 1563 
5153 1 55 
5153 2 115 
5153 28 1403 
5153 58 2919 
5153 91 4561 
5891 44 2235 
5891 47 2394 
5891 177 8892 
5181 0 46 
5181 19 956 
5181 29 1476 
5237 30 1547 
5237 40 2032 
5490 18 906 
5490 18 917 
5490 19 975 
5905 9 464 
5905 44 2230 
5517 0 39 
5906 103 5186 
5906 179 8996 
5521 26 1332 
5521 66 3346 
5376 12 611 
5278 20 1043 
5278 100 5022 
5361 94 4742 
5361 98 4938 
5361 167 8400 
5654 7 373 
5654 44 2245 
5128 2 140 
5128 6 329 
5128 7 354 
5128 13 680 
5128 25 1267 
5606 41 2096 
5606 68 3425 
5134 5 295 
5134 31 1561 
5160 19 973 
5160 24 1243 
5130 29 1459 
5130 31 1592 
5130 95 4797 
5654 46 2326 
5157 49 2481 
5157 92 4640 
5214 23 1151 
5124 49 2454 
5923 38 1943 
5179 0 14 
5557 51 2567 
5557 140 7033 
5895 33 1659 
5518 26 1308 
5771 27 1351 
5331 61 3091 
5331 74 3717 
5331 102 5102 
5331 203 10198 
5561 51 2557 
5561 122 6108 
5364 43 2192 
5331 47 2369 
5331 65 3282 
5331 89 4491 
5933 154 7732 
5588 87 4361 
5588 114 5725 
5474 16 841 
5474 28 1404 
5377 48 2418 
5364 28 1447 
5470 27 1373 
5470 45 2261 
5470 78 3935 
5437 12 627 
5703 4 211 
5703 41 2070 
5147 59 2960 
5564 88 4413 
5564 158 7922 
5564 212 10624 
5897 52 2602 
5513 17 880 
5513 89 4478 
5925 8 428 
5925 81 4093 
5896 1 77 
5705 65 3287 
5705 65 3288 
5343 16 840 
5462 25 1292 
5273 4 210 
5273 100 5008 
5273 100 5018 
5171 19 957 
5171 38 1943 
5904 1 70 
5280 37 1874 
5904 41 2077 
5755 5 262 
5755 20 1032 
5512 180 9043 
5565 14 734 
5280 130 6517 
5762 109 5467 
5762 209 10493 
5501 0 27 
5741 36 1844 
5741 40 2043 
5722 3 189 
5328 54 2708 
5607 32 1649 
5607 37 1879 
5462 46 2315 
5588 97 4890 
5588 105 5269 
5588 146 7350 
5332 68 3410 
5332 68 3427 
5332 104 5220 
5273 134 6746 
5130 11 567 
5130 61 3060 
5130 61 3097 
5130 62 3149 
5130 72 3607 
5500 0 47 
5154 14 720 
5154 65 3256 
5581 29 1480 
5581 32 1634 
5581 36 1837 
5581 65 3274 
5146 5 254 
5146 6 309 
5146 7 368 
5146 13 661 
5541 9 488 
5541 28 1406 
5541 67 3380 
5541 73 3686 
5541 74 3714 
5125 18 936 
5929 3 157 
5929 16 827 
5929 41 2055 
5929 45 2261 
5929 81 4062 
5191 38 1918 
5487 9 466 
5487 40 2003 
5487 46 2349 
5487 93 4692 
5607 62 3119 
5942 0 1 
5925 55 2775 
5216 27 1367 
5368 0 9 
5368 35 1771 
5368 71 3551 
5157 11 585 
5157 105 5297 
5147 1 98 
5147 41 2060 
5122 6 339 
5122 7 380 
5122 11 558 
5741 43 2154 
5177 3 152 
5177 31 1577 
5561 35 1756 
5561 37 1878 
5705 97 4899 
5366 6 322 
5366 33 1657 
5909 4 248 
5909 28 1421 
5909 72 3613 
5169 62 3113 
5169 117 5892 
5933 45 2267 
5933 61 3078 
5933 63 3194 
5933 133 6688 
5385 155 7769 
5127 31 1593 
5606 62 3124 
5606 63 3169 
5606 36 1838 
5606 52 2645 
5606 96 4809 
5155 64 3239 
5155 114 5744 
5614 11 592 
5614 15 759 
5614 15 767 
5614 15 790 
5516 51 2565 
5516 60 3049 
5506 32 1635 
5719 69 3462 
5719 71 3574 
5643 2 111 
5718 4 233 
5495 1 100 
5495 23 1193 
5169 92 4630 
5719 13 664 
5719 88 4413 
5185 27 1381 
5185 44 2203 
5933 128 6439 
5384 49 2470 
5437 122 6108 
5497 42 2115 
5930 29 1487 
5930 64 3231 
5930 67 3364 
5499 124 6208 
5564 112 5638 
5756 12 622 
5411 39 1974 
5925 85 4264 
5480 32 1627 
5536 2 103 
5536 18 915 
5536 23 1162 
5536 62 3103 
5767 88 4417 
5767 89 4474 
5567 1 89 
5567 3 196 
5525 65 3268 
5607 47 2372 
5598 24 1219 
5598 25 1257 
5598 30 1524 
5382 134 6717 
5168 21 1081 
5168 26 1303 
5783 15 770 
5783 28 1415 
5783 102 5132 
5216 48 2424 
5924 25 1267 
5424 11 566 
5564 77 3870 
5564 156 7815 
5382 83 4156 
5382 99 4955 
5432 14 702 
5436 151 7592 
5916 25 1300 
5705 30 1541 
5326 42 2147 
5326 91 4588 
5326 102 5131 
5892 60 3016 
5921 13 660 
5921 53 2682 
5921 68 3410 
5921 74 3748 
5451 5 256 
5451 15 789 
5489 63 3176 
5946 8 419 
5946 54 2720 
5433 56 2803 
5433 108 5434 
5281 27 1391 
5281 58 2905 
5703 28 1425 
5703 69 3464 
5397 71 3594 
5397 77 3884 
5184 21 1099 
5586 144 7207 
5586 170 8507 
5176 1 67 
5617 8 417 
5617 52 2630 
5617 65 3265 
5583 11 578 
5583 21 1054 
5519 41 2082 
5519 120 6048 
5425 0 31 
5262 1 71 
5557 32 1607 
5557 46 2338 
5557 55 2757 
5557 145 7271 
5391 21 1071 
5533 11 596 
5593 20 1035 
5490 3 199 
5419 1 84 
5419 83 4182 
5419 122 6148 
5478 8 440 
5478 9 466 
5712 74 3704 
5712 98 4906 
5774 22 1107 
5774 31 1556 
5774 52 2627 
5774 74 3718 
5774 111 5563 
5191 56 2847 
5204 111 5552 
5204 124 6242 
5647 27 1391 
5418 162 8113 
5418 165 8293 
5609 21 1058 
5609 32 1638 
5609 32 1649 
5935 42 2136 
5935 96 4843 
5935 99 4997 
5588 91 4580 
5588 98 4921 
5588 133 6653 
5588 162 8145 
5154 42 2107 
5154 138 6924 
5765 52 2643 
5187 1 89 
5593 5 282 
5487 19 962 
5487 30 1547 
5487 44 2222 
5487 59 2960 
5487 73 3659 
5487 73 3696 
5151 136 6827 
5151 192 9610 
5459 9 459 
5459 58 2934 
5459 175 8765 
5208 57 2889 
5208 72 3629 
5208 109 5476 
5208 122 6111 
5332 9 475 
5204 14 721 
5204 22 1137 
5204 27 1374 
5204 61 3098 
5204 91 4560 
5204 119 5971 
5235 51 2551 
5235 76 3816 
5187 21 1089 
5187 30 1534 
5187 121 6081 
5187 134 6736 
5519 178 8906 
5179 70 3542 
5179 193 9676 
5203 104 5227 
5437 136 6833 
5437 140 7001 
5437 160 8040 
5179 116 5810 
5179 194 9710 
5179 202 10129 
5384 44 2207 
5384 44 2245 
5384 61 3055 
5384 87 4369 
5384 102 5134 
5384 109 5469 
5384 126 6341 
5519 30 1525 
5519 34 1742 
5519 62 3144 
5275 4 204 
5774 93 4678 
5513 35 1756 
5758 83 4167 
5758 87 4385 
5653 104 5236 
5411 55 2760 
5411 88 4443 
5411 194 9719 
5511 7 354 
5382 90 4541 
5382 138 6916 
5382 201 10078 
5725 21 1091 
5725 45 2252 
5725 98 4943 
5493 20 1020 
5151 12 610 
5151 139 6984 
5151 207 10375 
5192 33 1660 
5532 18 931 
5532 40 2034 
5532 43 2163 
5331 42 2121 
5331 198 9924 
5691 32 1601 
5691 37 1861 
5691 89 4494 
5691 142 7126 
5756 10 505 
5331 73 3661 
5331 209 10459 
5331 209 10474 
5498 22 1111 
5767 208 10435 
5767 208 10449 
5767 211 10590 
5767 211 10593 
5906 45 2264 
5906 120 6036 
5906 133 6682 
5906 177 8867 
5647 19 977 
5647 51 2573 
5593 14 727 
5593 44 2214 
5709 4 245 
5709 5 264 
5709 31 1592 
5709 99 4956 
5142 3 173 
5142 31 1561 
5474 48 2434 
5474 62 3133 
5765 8 425 
5765 55 2785 
5179 38 1922 
5506 29 1474 
5495 19 966 
5540 13 672 
5540 35 1780 
5540 70 3509 
5540 84 4238 
5938 20 1047 
5938 43 2196 
5938 49 2475 
5521 35 1773 
5521 37 1894 
5521 62 3104 
5521 81 4069 
5394 48 2449 
5394 61 3094 
5411 52 2613 
5280 102 5124 
5489 19 951 
5489 36 1801 
5489 51 2582 
5266 1 71 
5374 10 536 
5497 99 4974 
5497 108 5426 
5371 20 1002 
5918 5 270 
5918 8 449 
5918 34 1706 
5918 51 2587 
5703 5 294 
5703 53 2700 
5397 9 471 
5397 30 1516 
5397 65 3252 
5397 134 6718 
5397 143 7192 
5177 5 285 
5177 38 1929 
5508 7 379 
5508 45 2257 
5597 26 1308 
5361 38 1920 
5361 38 1944 
5521 6 344 
5521 10 503 
5783 37 1863 
5783 131 6555 
5946 0 8 
5946 10 526 
5499 19 978 
5499 62 3146 
5154 135 6789 
5153 49 2482 
5767 167 8391 
5767 171 8569 
5767 177 8893 
5767 207 10375 
5532 21 1081 
5532 79 3963 
5532 80 4004 
5532 80 4042 
5532 107 5362 
5278 80 4046 
5127 22 1115 
5187 186 9340 
5508 11 583 
5427 0 36 
5427 14 729 
5427 18 942 
