Run Subrun Event
5019 74 3735 
6355 31 1561 
6854 2 145 
6854 86 4334 
5459 136 6832 
5512 63 3193 
5512 84 4238 
5512 109 5454 
5435 19 968 
6568 17 898 
6559 73 3652 
5892 28 1446 
6149 139 6986 
6979 57 2875 
6281 62 3105 
6748 225 11273 
6893 154 7740 
6026 39 1996 
5933 123 6161 
6426 53 2657 
6571 113 5697 
5584 20 1018 
6551 128 6422 
6551 131 6561 
5515 62 3134 
5515 184 9224 
5755 16 833 
6502 34 1704 
6893 52 2622 
5458 180 9048 
6343 47 2354 
6366 46 2303 
6583 21 1099 
6583 22 1131 
6620 60 3049 
6620 90 4540 
6163 6 308 
6163 19 956 
6952 12 640 
6359 31 1558 
5960 25 1253 
5960 30 1528 
6001 31 1581 
6653 138 6933 
6527 119 5979 
6614 101 5087 
6615 90 4543 
6801 120 6027 
5125 28 1416 
5513 52 2607 
6873 9 485 
6303 8 413 
6969 30 1544 
5567 8 427 
6787 12 639 
6070 8 418 
6070 91 4563 
6070 115 5794 
6616 0 6 
6779 12 639 
5915 3 199 
5915 30 1512 
5915 62 3135 
5986 12 629 
6687 54 2712 
6687 93 4674 
6687 140 7021 
5616 46 2306 
6021 66 3305 
6021 224 11225 
6874 105 5261 
5351 82 4104 
6507 54 2728 
6507 146 7346 
6227 37 1882 
5106 126 6344 
6888 94 4742 
6907 16 822 
6444 136 6826 
6955 167 8355 
6955 216 10810 
6955 217 10882 
6940 15 776 
6320 70 3503 
6490 143 7192 
6032 9 465 
6812 14 732 
6639 50 2513 
6121 21 1100 
6121 36 1822 
5388 27 1373 
6520 42 2104 
6462 1 93 
6591 101 5064 
6596 43 2176 
6596 129 6479 
6663 169 8453 
6663 172 8606 
6663 174 8725 
6663 203 10160 
6991 62 3149 
6544 42 2136 
5177 6 307 
6697 59 2984 
6923 41 2053 
5628 13 653 
5269 53 2675 
5017 15 769 
6611 142 7131 
6441 63 3189 
6615 90 4543 
6145 4 239 
5749 44 2243 
5171 21 1060 
6362 2 103 
6497 35 1760 
6861 209 10497 
6630 30 1505 
6630 95 4789 
6649 45 2287 
6649 65 3291 
6798 41 2097 
6954 73 3674 
5921 104 5225 
6609 41 2083 
6615 17 875 
6959 34 1721 
6551 11 584 
6602 32 1635 
5605 75 3777 
6544 27 1353 
6544 165 8280 
6792 14 747 
6792 63 3173 
6341 77 3875 
5516 79 3957 
6382 70 3544 
6382 100 5039 
6991 157 7865 
6871 72 3628 
6871 73 3671 
6871 74 3734 
6114 46 2331 
6318 88 4404 
6945 216 10807 
6803 1 63 
6304 155 7799 
5515 58 2921 
6551 116 5842 
5604 1 70 
5604 64 3250 
5604 95 4778 
6630 64 3235 
6630 115 5771 
6786 143 7152 
5265 54 2727 
5265 109 5486 
5337 188 9402 
6410 176 8830 
5382 10 522 
5476 3 192 
5575 19 976 
6671 60 3027 
6671 71 3559 
6855 131 6598 
6974 43 2170 
6974 87 4358 
6494 33 1689 
6922 130 6502 
6959 4 206 
6959 106 5338 
5977 88 4424 
6978 228 11431 
6140 35 1788 
4962 16 802 
6358 32 1614 
6358 53 2689 
5127 95 4780 
6761 57 2865 
6083 47 2365 
6083 49 2480 
6503 34 1713 
6534 36 1840 
6989 38 1949 
6989 190 9502 
6634 71 3587 
6506 77 3854 
5060 2 124 
6022 95 4758 
5154 89 4480 
5154 189 9462 
5705 140 7033 
5709 108 5413 
6687 142 7116 
6800 53 2687 
5624 67 3364 
6640 68 3424 
6640 76 3801 
6922 222 11144 
6957 149 7467 
6563 4 230 
6563 12 630 
6831 8 408 
6811 30 1524 
6348 18 915 
5108 27 1369 
6975 53 2685 
6975 100 5050 
6975 173 8683 
5586 12 649 
6431 7 354 
6431 14 720 
6840 91 4560 
6217 142 7116 
6376 134 6734 
6553 30 1518 
6544 153 7700 
6544 179 8979 
6917 236 11839 
6960 169 8477 
6799 41 2052 
6799 67 3351 
6461 63 3195 
5155 29 1500 
5155 117 5887 
5155 127 6375 
5332 52 2607 
5332 155 7774 
6528 145 7251 
6571 148 7416 
5419 8 418 
6381 148 7448 
5935 17 854 
6223 12 607 
6058 32 1641 
6606 26 1335 
6921 74 3749 
6805 139 6956 
6919 181 9087 
5108 92 4645 
5377 2 104 
6603 18 927 
6663 46 2349 
6278 3 198 
6629 18 901 
6698 27 1398 
5437 54 2741 
6934 62 3117 
4968 9 481 
5650 52 2608 
5937 50 2506 
6674 7 389 
6674 24 1238 
6901 111 5582 
6881 159 7979 
6882 124 6213 
6932 122 6112 
6828 140 7023 
5442 2 113 
6676 60 3009 
6800 63 3197 
6977 79 3963 
6064 17 900 
6921 100 5022 
6766 110 5515 
6763 40 2021 
6763 64 3239 
6763 173 8652 
6813 217 10856 
6945 131 6565 
6339 43 2170 
5778 20 1045 
5061 62 3102 
6882 52 2645 
6882 163 8169 
5110 76 3842 
6417 37 1886 
6417 71 3569 
5181 16 820 
5337 199 9994 
5337 207 10369 
6977 0 43 
5179 22 1102 
5371 32 1612 
5371 39 1952 
6905 65 3284 
5465 5 279 
5684 8 427 
5891 122 6109 
6894 20 1015 
6606 44 2234 
6805 3 175 
5333 30 1519 
6749 10 518 
6749 169 8466 
5270 14 725 
6075 61 3084 
6138 72 3613 
6312 0 41 
6669 14 735 
5444 15 795 
5659 17 870 
6080 30 1550 
5752 31 1599 
4991 57 2868 
6063 15 776 
6811 28 1417 
6811 92 4630 
6591 25 1276 
6591 82 4146 
6542 52 2632 
6542 129 6496 
6923 16 806 
6623 26 1311 
6912 3 192 
6912 36 1847 
6420 66 3334 
5353 40 2022 
6974 23 1173 
6052 91 4574 
6093 3 189 
6572 5 264 
6824 23 1164 
6824 127 6386 
6912 210 10526 
6102 118 5923 
6810 61 3072 
6710 22 1145 
5985 96 4832 
6213 31 1560 
6571 74 3737 
6571 141 7099 
5147 9 475 
5147 24 1222 
5321 13 691 
6683 116 5816 
5275 65 3292 
6007 149 7463 
6919 159 7978 
6076 10 546 
6076 78 3912 
6022 63 3168 
6307 10 517 
6446 15 798 
6446 24 1205 
6446 122 6114 
6446 150 7523 
6772 18 943 
6772 25 1258 
6405 0 34 
6405 10 514 
6405 26 1314 
5157 108 5410 
6074 87 4396 
6387 76 3841 
6916 32 1629 
5393 49 2479 
5616 64 3217 
5616 181 9072 
6953 16 815 
5557 64 3244 
6344 2 107 
6344 17 870 
6690 121 6082 
5139 64 3249 
6752 199 9989 
5899 3 165 
6283 41 2098 
6283 82 4122 
6406 79 3982 
5597 30 1529 
5532 0 41 
5691 44 2228 
5523 3 169 
6886 13 684 
6766 172 8627 
5191 57 2895 
5191 104 5202 
5404 16 832 
6831 68 3444 
6301 134 6730 
6301 184 9210 
6301 186 9310 
6407 48 2417 
6883 20 1002 
5397 23 1169 
5397 80 4022 
6779 39 1964 
6676 35 1782 
6621 15 776 
5600 178 8939 
6768 49 2482 
6664 9 481 
6664 198 9909 
6173 7 389 
6101 45 2279 
6101 49 2477 
6481 3 162 
6481 19 956 
6506 2 144 
6506 180 9022 
6783 83 4187 
6640 174 8722 
6879 193 9697 
5207 36 1842 
5207 129 6500 
5773 9 474 
6340 141 7094 
6340 151 7571 
6402 25 1276 
6402 33 1670 
6179 77 3880 
6179 92 4642 
4998 104 5234 
5182 9 474 
6199 36 1801 
6199 200 10001 
6339 104 5235 
6339 144 7226 
6339 179 8994 
5694 45 2271 
6347 77 3880 
5451 14 729 
5536 52 2604 
6658 64 3247 
6790 73 3678 
6695 4 244 
6801 103 5200 
5216 73 3674 
5315 0 7 
6446 125 6269 
5044 76 3818 
5044 88 4411 
5904 8 415 
5982 35 1797 
6360 19 969 
6360 68 3401 
6360 106 5318 
6830 37 1853 
6110 158 7932 
6230 59 2992 
6230 139 6956 
6233 5 262 
6549 74 3710 
6998 76 3843 
6998 174 8738 
5069 2 123 
6425 179 8992 
6981 40 2020 
6769 62 3145 
6769 204 10216 
6766 57 2893 
5966 164 8213 
6327 23 1185 
6327 27 1394 
6564 41 2068 
6893 124 6241 
5588 109 5486 
5588 172 8617 
6482 115 5782 
6881 32 1621 
6490 137 6882 
6797 62 3138 
5680 3 179 
6973 39 1960 
6936 175 8795 
6935 3 191 
6311 34 1707 
6412 38 1938 
6826 16 804 
5361 69 3489 
5361 96 4828 
6880 41 2090 
6957 44 2234 
6776 4 220 
6968 7 358 
5965 43 2164 
6043 72 3647 
6683 50 2519 
6600 81 4078 
6850 41 2072 
6850 44 2228 
5589 61 3098 
6628 49 2487 
6489 23 1160 
6756 122 6122 
5093 132 6645 
5093 135 6783 
6980 7 369 
6178 22 1133 
6906 18 917 
6917 17 896 
6917 121 6079 
6937 11 594 
6542 223 11194 
6480 5 283 
6480 97 4865 
6483 93 4690 
5034 38 1927 
5998 7 372 
6579 81 4094 
6579 91 4586 
5146 44 2204 
6090 61 3066 
6090 78 3930 
6090 151 7552 
6599 78 3950 
6324 128 6440 
6667 24 1236 
6667 51 2585 
5578 48 2411 
6589 83 4151 
6997 16 816 
6997 49 2490 
5201 9 500 
5201 129 6487 
5201 130 6513 
6210 32 1619 
6915 25 1265 
5169 89 4493 
4958 26 1338 
6865 61 3057 
6354 69 3487 
6879 127 6378 
6428 0 9 
6428 12 608 
6564 53 2668 
6882 77 3885 
6882 78 3907 
5706 23 1159 
6341 83 4181 
6510 19 955 
6425 170 8507 
6046 99 4984 
6046 99 4985 
6046 121 6052 
6487 7 367 
6507 30 1542 
6507 123 6193 
6656 20 1018 
6675 0 38 
6407 158 7927 
6367 43 2190 
5364 152 7618 
6908 75 3786 
6031 46 2317 
6992 13 672 
6748 35 1758 
4955 85 4259 
6166 46 2306 
6279 20 1036 
6218 12 614 
6218 30 1526 
5767 18 918 
5767 39 1955 
6379 3 172 
6118 128 6407 
5918 13 655 
6310 24 1217 
6592 55 2790 
6592 166 8311 
6426 112 5646 
6865 77 3852 
6865 98 4938 
6958 80 4032 
6642 20 1049 
5341 191 9576 
6780 45 2259 
5399 4 244 
6600 68 3448 
6836 47 2363 
6908 228 11405 
6803 133 6695 
6510 50 2545 
6510 86 4341 
6689 120 6007 
6980 54 2747 
4978 19 981 
5164 52 2608 
6854 102 5108 
6078 9 452 
6752 28 1446 
6198 219 10986 
6198 223 11169 
6995 22 1105 
5561 19 997 
6599 44 2213 
5979 18 905 
6073 114 5713 
6649 103 5159 
6649 114 5735 
6430 15 765 
6672 64 3242 
5603 25 1267 
6776 59 2993 
6467 130 6503 
6922 99 4976 
6565 45 2300 
6565 76 3844 
6565 133 6666 
