Run Subrun Event
5719 88 4413 
5127 114 5728 
5932 36 1812 
5333 25 1272 
5151 134 6733 
5384 49 2470 
5390 51 2553 
5266 9 482 
5266 10 532 
5432 14 702 
5487 19 962 
5487 30 1547 
5487 44 2222 
5487 73 3659 
5487 73 3696 
5362 7 394 
5191 56 2847 
5525 65 3268 
5703 31 1573 
5767 154 7747 
5444 35 1760 
5767 211 10590 
5767 211 10593 
5371 69 3484 
5932 3 164 
5451 3 195 
5451 11 576 
5451 16 803 
5451 19 960 
5263 67 3387 
5403 9 487 
5403 36 1840 
5586 144 7207 
5586 170 8507 
5937 21 1100 
5933 65 3273 
5933 65 3294 
5767 167 8391 
5767 171 8569 
5767 177 8893 
5767 207 10375 
5906 103 5186 
5906 179 8996 
5146 43 2166 
5155 61 3052 
5155 71 3599 
5155 121 6099 
5370 33 1677 
5370 139 6994 
5729 98 4909 
5729 122 6102 
5905 34 1731 
5237 67 3364 
5375 41 2053 
5445 13 694 
5933 128 6439 
5331 159 7953 
5385 4 235 
5385 119 6000 
5774 52 2627 
5774 74 3718 
5774 111 5563 
5896 16 803 
5896 44 2227 
5124 49 2454 
5382 134 6717 
5508 17 858 
5508 83 4168 
5146 35 1797 
5425 0 31 
5564 16 814 
5564 199 9989 
5215 51 2571 
5541 113 5660 
5273 4 210 
5273 100 5008 
5273 100 5018 
5333 15 752 
5333 61 3081 
5187 186 9340 
5191 3 187 
5459 9 459 
5459 58 2934 
5459 175 8765 
5774 42 2104 
5322 16 818 
5531 88 4412 
5527 88 4418 
5164 40 2027 
5164 43 2197 
5598 25 1257 
5694 33 1662 
5192 33 1660 
5127 22 1115 
5315 6 338 
5192 2 112 
5184 5 287 
5691 130 6523 
5695 21 1089 
5418 11 570 
5124 12 622 
5124 20 1002 
5588 97 4890 
5588 105 5269 
5588 146 7350 
5153 45 2293 
5122 0 5 
5122 20 1004 
5368 5 273 
5385 10 528 
5385 11 565 
5385 175 8772 
5169 23 1164 
5169 113 5662 
5169 172 8602 
5397 77 3884 
5515 13 678 
5528 58 2949 
5204 6 328 
5204 8 411 
5204 51 2590 
5204 139 6975 
5777 23 1153 
5777 24 1231 
5394 5 252 
5394 24 1207 
5935 42 2136 
5935 96 4843 
5935 99 4997 
5515 64 3250 
5515 71 3554 
5515 82 4117 
5515 87 4359 
5515 141 7058 
5515 153 7656 
5515 178 8906 
5515 218 10915 
5409 33 1664 
5899 25 1288 
5179 115 5781 
5895 30 1524 
5146 44 2214 
5705 65 3287 
5705 65 3288 
5520 14 735 
5520 17 874 
5368 62 3146 
5741 36 1844 
5741 40 2043 
5912 76 3829 
5912 90 4508 
5912 108 5447 
5392 3 177 
5154 47 2384 
5154 68 3431 
5478 15 752 
5478 60 3041 
5195 6 327 
5195 17 878 
5606 4 241 
5606 62 3124 
5606 63 3169 
5606 68 3425 
5606 84 4228 
5771 37 1868 
5617 49 2488 
5782 27 1376 
5782 28 1434 
5782 38 1919 
5782 64 3212 
5782 89 4458 
5782 122 6129 
5923 24 1247 
5170 0 36 
5583 11 578 
5583 21 1054 
5184 34 1728 
5512 82 4146 
5154 192 9636 
5607 2 138 
5607 19 989 
5540 88 4441 
5925 113 5654 
5933 23 1159 
5179 18 901 
5179 228 11421 
5437 106 5311 
5146 37 1877 
5208 46 2303 
5208 110 5537 
5208 145 7292 
5769 6 301 
5497 42 2115 
5906 21 1068 
5532 8 431 
5229 68 3447 
5229 84 4224 
5561 71 3588 
5561 88 4422 
5331 45 2283 
5331 81 4063 
5331 93 4660 
5653 104 5236 
5334 37 1851 
5273 55 2785 
5273 134 6746 
5216 8 449 
5216 52 2627 
5216 52 2644 
5906 187 9387 
5519 16 850 
5519 142 7150 
5164 14 736 
5164 19 985 
5164 52 2610 
5153 80 4020 
5758 27 1368 
5758 53 2684 
5758 73 3689 
5581 74 3714 
5237 30 1547 
5237 40 2032 
5203 100 5041 
5195 2 107 
5211 58 2920 
5497 41 2095 
5497 99 4974 
5497 108 5426 
5497 150 7524 
5418 0 21 
5418 1 54 
5418 40 2033 
5418 93 4697 
5418 157 7876 
5328 2 112 
5328 70 3548 
5725 59 2973 
5929 60 3042 
5340 7 361 
5340 74 3701 
5935 47 2372 
5208 14 738 
5208 63 3198 
5208 86 4319 
5229 2 134 
5229 12 625 
5229 80 4022 
5527 38 1934 
5527 58 2910 
5527 93 4673 
5478 8 440 
5478 9 466 
5586 193 9652 
5444 37 1884 
5891 40 2035 
5495 26 1308 
5581 36 1837 
5128 2 140 
5128 6 329 
5128 13 680 
5128 25 1267 
5326 69 3460 
5418 162 8113 
5418 165 8293 
5593 20 1035 
5361 74 3702 
5361 205 10292 
5403 14 733 
5769 48 2430 
5769 72 3629 
5155 41 2089 
5564 45 2261 
5564 45 2267 
5344 29 1460 
5169 102 5109 
5713 20 1004 
5275 33 1692 
5275 40 2013 
5275 41 2082 
5782 36 1845 
5782 117 5893 
5782 136 6804 
5203 83 4160 
5280 130 6517 
5179 24 1230 
5179 124 6210 
5184 21 1099 
5765 52 2643 
5339 46 2345 
5339 107 5367 
5606 41 2096 
5606 73 3657 
5181 0 46 
5181 19 956 
5181 29 1476 
5384 59 2970 
5384 59 2982 
5280 58 2907 
5280 121 6085 
5424 11 566 
5331 53 2667 
5331 70 3530 
5331 115 5764 
5331 215 10789 
5154 21 1068 
5154 25 1257 
5154 161 8065 
5262 35 1755 
5262 37 1864 
5262 69 3463 
5262 69 3488 
5427 14 729 
5427 18 942 
5157 51 2561 
5758 83 4167 
5758 87 4385 
5694 47 2362 
5229 70 3518 
5729 85 4300 
5170 7 369 
5170 21 1096 
5914 119 5985 
5906 111 5575 
5597 25 1252 
5597 66 3307 
5598 86 4305 
5508 136 6813 
5329 7 380 
5437 122 6108 
5528 53 2681 
5916 3 176 
5339 30 1513 
5339 45 2260 
5339 55 2769 
5339 87 4384 
5914 36 1847 
5914 37 1870 
5914 103 5198 
5179 190 9533 
5946 18 929 
5776 47 2379 
5593 14 727 
5593 44 2214 
5566 6 335 
5566 32 1646 
5741 12 611 
5741 53 2679 
5932 13 661 
5589 20 1007 
5419 16 815 
5419 104 5201 
5375 24 1248 
5127 8 421 
5127 82 4147 
5127 126 6322 
5127 129 6462 
5155 133 6689 
5153 97 4886 
5169 92 4630 
5541 51 2557 
5541 53 2671 
5541 59 2979 
5541 71 3581 
5531 92 4614 
5385 39 1994 
5385 88 4424 
5385 99 4961 
5364 28 1447 
5705 109 5465 
5266 1 71 
5384 40 2049 
5384 41 2053 
5384 132 6644 
5340 38 1908 
5235 39 1986 
5607 32 1649 
5767 88 4417 
5564 88 4413 
5564 158 7922 
5564 212 10624 
5370 16 824 
5459 11 588 
5459 177 8871 
5459 213 10674 
5459 214 10708 
5459 215 10782 
5906 61 3054 
5906 150 7540 
5450 12 623 
5912 84 4210 
5263 31 1585 
5263 45 2261 
5399 49 2451 
5769 58 2910 
5262 2 139 
5329 8 433 
5918 22 1138 
5440 52 2604 
5941 25 1290 
5155 98 4919 
5501 0 27 
5353 1 95 
5353 52 2611 
5774 103 5162 
5541 5 285 
5541 75 3756 
5541 75 3788 
5462 52 2621 
5328 54 2708 
5366 6 322 
5776 8 444 
5776 14 715 
5776 54 2702 
5204 57 2852 
5204 57 2871 
5204 58 2919 
5204 100 5025 
5204 102 5109 
5204 102 5137 
5705 28 1439 
5705 52 2639 
5705 143 7200 
5512 9 454 
5923 38 1943 
5433 147 7400 
5195 47 2353 
5216 48 2424 
5490 18 906 
5565 6 301 
5262 1 71 
5364 162 8107 
5364 189 9473 
5187 180 9050 
5187 202 10119 
5187 204 10237 
5187 211 10577 
5187 233 11658 
5444 0 45 
5444 14 741 
5921 13 660 
5921 53 2682 
5921 68 3410 
5921 74 3748 
5540 0 18 
5540 8 449 
5540 92 4627 
5331 38 1912 
5419 69 3466 
5419 100 5015 
5938 57 2888 
5364 179 8983 
5151 31 1553 
5151 42 2130 
5151 57 2892 
5151 147 7353 
5151 162 8115 
5331 65 3282 
5331 89 4491 
5370 4 245 
5370 5 273 
5370 86 4318 
5929 3 157 
5929 16 827 
5929 41 2055 
5929 45 2261 
5391 7 390 
5391 25 1291 
5532 14 728 
5614 11 592 
5614 15 759 
5614 15 767 
5614 15 790 
5263 28 1403 
5691 172 8641 
5326 42 2147 
5326 102 5131 
5782 65 3275 
5761 5 296 
5691 63 3160 
5134 31 1561 
5725 16 828 
5946 10 526 
5643 12 623 
5643 42 2108 
5521 66 3346 
5377 19 987 
5377 25 1272 
5377 39 1954 
5437 11 557 
5157 49 2481 
5157 92 4640 
5703 5 294 
5703 53 2700 
5564 35 1754 
5564 201 10094 
5160 19 973 
5160 24 1243 
5452 18 929 
5892 25 1290 
5892 56 2802 
5377 48 2418 
5412 51 2571 
5385 9 483 
5385 136 6819 
5925 8 428 
5925 81 4093 
5419 44 2232 
5419 47 2386 
5909 25 1297 
5909 63 3189 
5326 88 4439 
5179 116 5810 
5179 194 9710 
5179 202 10129 
5187 60 3040 
5719 30 1524 
5906 45 2264 
5906 120 6036 
5906 133 6682 
5906 177 8867 
5720 12 643 
5720 13 664 
5368 38 1905 
5262 110 5545 
5262 167 8387 
5189 4 203 
5189 15 768 
5498 22 1111 
5332 9 475 
5208 57 2889 
5208 72 3629 
5262 20 1022 
5262 60 3037 
5262 211 10573 
5187 21 1089 
5187 30 1534 
5187 121 6081 
5725 51 2554 
5725 54 2712 
5588 52 2614 
5588 92 4631 
5617 33 1673 
5758 58 2947 
5332 71 3564 
5474 9 500 
5474 73 3700 
5474 78 3923 
5474 82 4125 
5474 83 4170 
5273 8 421 
5273 102 5147 
5273 154 7720 
5706 8 409 
5509 25 1269 
5509 29 1476 
5361 94 4742 
5361 98 4938 
5361 167 8400 
5653 24 1203 
5653 47 2399 
5606 36 1838 
5606 52 2645 
5606 96 4809 
5459 113 5660 
5367 9 493 
5643 59 2955 
5157 11 585 
5157 105 5297 
5437 136 6833 
5437 140 7001 
5437 160 8040 
5384 44 2207 
5384 44 2245 
5384 87 4369 
5384 102 5134 
5384 109 5469 
5598 19 963 
5334 1 54 
5561 48 2433 
5332 35 1788 
5774 93 4678 
5394 61 3094 
5374 10 536 
5412 66 3338 
5412 156 7830 
5412 157 7880 
5272 1 55 
5272 3 197 
5272 70 3506 
5272 72 3619 
5272 72 3636 
5204 20 1020 
5270 3 165 
5270 3 188 
5270 6 314 
5270 10 505 
5270 36 1810 
5270 39 1975 
5270 41 2090 
5270 47 2376 
5489 19 951 
5489 36 1801 
5532 21 1081 
5532 79 3963 
5532 80 4004 
5532 80 4042 
5532 107 5362 
5215 10 522 
5440 4 232 
5233 3 166 
5233 18 926 
5233 51 2572 
5233 53 2670 
5656 28 1402 
5168 21 1081 
5515 108 5434 
5515 144 7210 
5515 216 10824 
5515 216 10849 
5691 37 1861 
5691 89 4494 
5691 142 7126 
5566 37 1859 
5566 37 1863 
5390 16 821 
5512 180 9043 
5155 0 1 
5155 1 69 
5155 67 3372 
5515 103 5195 
5515 215 10755 
5332 68 3410 
5332 104 5220 
5500 0 47 
5436 127 6376 
5772 17 852 
5557 32 1607 
5557 46 2338 
5557 145 7271 
5452 16 824 
5452 26 1348 
5464 8 431 
5933 141 7052 
5597 40 2049 
5597 41 2075 
5597 61 3078 
5233 93 4689 
5233 125 6280 
5509 59 2999 
5277 20 1049 
5368 130 6501 
5368 131 6576 
5155 64 3239 
5155 114 5744 
5720 36 1817 
5478 10 519 
5733 18 943 
5273 107 5400 
5924 26 1343 
5533 4 212 
5533 5 271 
5709 5 264 
5709 31 1592 
5709 99 4956 
5490 3 199 
5729 6 310 
5729 6 350 
5729 73 3663 
5362 20 1014 
5151 176 8824 
5151 191 9590 
5376 8 427 
5344 7 369 
5693 6 333 
5368 0 9 
5368 35 1771 
5368 71 3551 
5897 0 21 
5897 17 874 
5897 21 1092 
5897 61 3063 
5897 62 3127 
5765 55 2785 
5730 47 2383 
5709 11 586 
5709 82 4116 
5709 101 5099 
5709 130 6514 
5709 144 7250 
5280 99 4985 
5130 48 2414 
5130 53 2689 
5278 80 4046 
5233 59 2960 
5233 86 4350 
5233 116 5816 
5332 52 2629 
5332 147 7372 
5609 21 1058 
5609 32 1638 
5609 32 1649 
5497 53 2665 
5497 157 7883 
5281 27 1391 
5281 58 2905 
5147 1 98 
5147 41 2060 
5541 9 488 
5541 28 1406 
5541 67 3380 
5541 73 3686 
5541 74 3714 
5654 46 2326 
5933 172 8637 
5691 5 256 
5233 82 4101 
5437 12 627 
5516 51 2565 
5516 60 3049 
5411 52 2613 
5280 37 1874 
5783 15 770 
5650 68 3435 
5654 7 373 
5705 97 4899 
5331 25 1285 
5705 30 1541 
5694 5 289 
5694 22 1132 
5694 49 2459 
5694 51 2594 
5194 20 1031 
5194 23 1164 
5393 40 2012 
5161 7 373 
5891 187 9358 
5925 80 4021 
5925 121 6057 
5925 165 8274 
5513 35 1756 
5214 23 1151 
5331 73 3661 
5331 209 10459 
5331 209 10474 
5367 6 336 
5204 14 721 
5204 22 1137 
5204 27 1374 
5204 61 3098 
5204 119 5971 
5433 51 2569 
5433 169 8452 
5397 71 3594 
5397 108 5436 
5262 26 1309 
5262 112 5635 
5333 66 3334 
5333 93 4688 
5703 41 2070 
5532 82 4141 
5722 3 189 
5437 79 3961 
5569 3 159 
5569 17 851 
5569 18 902 
5508 123 6184 
5412 61 3062 
5366 0 21 
5130 11 567 
5130 62 3149 
5130 72 3607 
5718 4 233 
5656 34 1727 
5153 1 55 
5153 2 115 
5153 28 1403 
5153 91 4561 
5643 2 111 
5130 29 1459 
5130 95 4797 
5691 141 7096 
5567 3 196 
5938 38 1944 
5733 5 299 
5733 52 2643 
5567 24 1246 
5382 90 4541 
5382 138 6916 
5382 201 10078 
5125 18 936 
5382 83 4156 
5382 99 4955 
5512 45 2291 
5512 86 4348 
5512 165 8288 
5512 166 8304 
5512 201 10059 
5522 21 1080 
5382 26 1329 
5382 188 9423 
5211 10 550 
5211 35 1787 
5211 36 1818 
5607 62 3119 
5654 3 171 
5654 4 228 
5720 47 2357 
5384 118 5939 
5384 176 8829 
5905 9 464 
5905 44 2230 
5933 61 3078 
5933 133 6688 
5419 28 1421 
5725 98 4943 
5511 7 354 
5331 74 3717 
5331 102 5102 
5331 203 10198 
5122 6 339 
5122 7 380 
5122 11 558 
5891 22 1127 
5891 108 5416 
5891 119 5977 
5343 16 840 
5731 8 430 
5164 25 1267 
5164 30 1534 
5164 31 1551 
5741 43 2154 
5211 42 2131 
5895 33 1659 
5719 53 2697 
5719 63 3159 
5719 66 3319 
5719 69 3462 
5719 71 3574 
5365 7 390 
5480 35 1795 
5480 37 1851 
5499 10 546 
5462 81 4062 
5462 81 4088 
5462 88 4418 
5474 16 841 
5474 28 1404 
5586 47 2374 
5586 119 5972 
5586 174 8741 
5597 26 1308 
5526 20 1017 
5526 24 1234 
5418 20 1043 
5418 118 5930 
5418 166 8302 
5275 4 204 
5136 22 1150 
5136 46 2309 
5724 13 657 
5724 24 1237 
5208 117 5881 
5519 41 2082 
5519 120 6048 
5489 63 3176 
5419 1 84 
5419 122 6148 
5517 7 367 
5517 11 573 
5364 87 4385 
5364 131 6553 
5331 42 2121 
5331 198 9924 
5904 41 2077 
5204 111 5552 
5204 124 6242 
5601 15 762 
5280 102 5124 
5154 14 720 
5154 65 3256 
5187 1 89 
5557 129 6460 
5487 55 2758 
5280 43 2157 
5280 89 4489 
5914 23 1179 
5328 41 2052 
5328 41 2061 
5328 80 4013 
5464 11 576 
5340 57 2869 
5762 109 5467 
5762 209 10493 
5361 38 1920 
5361 38 1944 
5146 5 254 
5146 6 309 
5146 7 368 
5146 13 661 
5214 71 3568 
5495 1 100 
5138 5 267 
5643 16 801 
5375 23 1196 
5375 28 1429 
5924 25 1267 
5933 154 7732 
5515 51 2578 
5588 91 4580 
5588 133 6653 
5368 116 5831 
5899 14 719 
5211 50 2519 
5211 85 4275 
5756 12 622 
5647 16 809 
5262 40 2036 
5397 9 471 
5397 30 1516 
5397 134 6718 
5397 143 7192 
5924 38 1905 
5924 38 1918 
5411 112 5648 
5533 11 596 
5328 90 4519 
5328 91 4577 
5391 21 1071 
5506 32 1635 
5487 9 466 
5487 40 2003 
5487 93 4692 
5151 12 610 
5151 207 10375 
5459 178 8942 
5906 8 401 
5906 25 1286 
5906 129 6455 
5151 136 6827 
5151 164 8226 
5151 192 9610 
5440 43 2152 
5361 27 1389 
5462 36 1843 
5910 0 13 
5411 55 2760 
5411 88 4443 
5411 194 9719 
5428 7 370 
5428 19 1000 
5428 25 1289 
5564 112 5638 
5462 46 2315 
5433 56 2803 
5433 108 5434 
5273 23 1183 
5561 37 1878 
5783 13 678 
5783 77 3896 
5783 83 4191 
5783 123 6173 
5216 27 1367 
5528 3 169 
5528 3 191 
5528 46 2311 
5177 3 152 
5171 19 957 
5171 38 1943 
5703 28 1425 
5703 69 3464 
5177 5 285 
5177 38 1929 
5361 150 7518 
5361 159 7971 
5564 156 7815 
5127 31 1593 
5333 81 4099 
5905 70 3533 
5154 135 6789 
5515 47 2383 
5566 31 1563 
5499 124 6208 
5459 1 89 
5459 120 6049 
5525 35 1789 
5942 0 1 
5445 30 1527 
5445 38 1921 
5445 52 2618 
5909 4 248 
5909 28 1421 
5909 72 3613 
5167 17 884 
5474 48 2434 
5474 62 3133 
5499 19 978 
5499 62 3146 
5532 18 931 
5532 43 2163 
5709 117 5868 
5897 52 2602 
5171 16 829 
5171 69 3491 
5214 18 938 
5557 51 2567 
5371 44 2211 
5185 6 311 
5185 37 1883 
5185 78 3922 
5361 145 7280 
5124 25 1288 
5508 11 583 
5384 140 7032 
5508 7 379 
5508 45 2257 
5724 3 160 
5332 55 2783 
5332 106 5324 
5332 171 8577 
5938 20 1047 
5938 43 2196 
5557 15 762 
5557 90 4507 
5783 131 6555 
5589 9 472 
5179 70 3542 
5179 0 14 
5237 20 1007 
5237 20 1041 
5237 24 1202 
5237 36 1849 
5237 60 3042 
5480 32 1627 
5371 20 1002 
5136 25 1290 
5930 29 1487 
5930 64 3231 
5930 67 3364 
5561 51 2557 
5897 29 1490 
5897 35 1772 
5726 5 255 
5726 41 2097 
5726 79 3999 
5181 18 937 
5233 7 377 
5233 7 396 
5233 133 6676 
5540 13 672 
5540 35 1780 
5540 70 3509 
5540 84 4238 
5499 143 7158 
5470 53 2659 
5470 53 2663 
5504 0 25 
5504 11 598 
5504 13 683 
5588 114 5725 
5436 106 5316 
5436 153 7671 
5527 79 3959 
5371 21 1063 
5593 5 282 
5647 19 977 
5647 51 2573 
5121 33 1663 
5891 139 6999 
5470 27 1373 
5470 45 2261 
5470 78 3935 
5691 7 390 
5691 155 7776 
5691 158 7927 
5765 17 877 
5765 33 1696 
5583 15 800 
5333 40 2001 
5333 84 4220 
5519 178 8906 
5653 50 2541 
5151 17 898 
5151 196 9816 
5401 39 1981 
5263 76 3801 
5339 5 296 
5731 26 1302 
5384 83 4166 
5185 27 1381 
5185 44 2203 
5925 55 2775 
5187 69 3488 
5588 132 6642 
5187 223 11165 
5709 94 4702 
5709 109 5498 
5709 122 6130 
5521 10 503 
5614 7 370 
5896 1 77 
5647 27 1391 
5647 30 1517 
5364 17 894 
5364 150 7537 
5364 186 9346 
5497 87 4357 
5497 104 5247 
5497 136 6801 
5561 44 2243 
5370 126 6331 
5512 4 222 
5512 128 6405 
5946 8 419 
5946 54 2720 
5489 2 138 
5451 5 256 
5451 15 789 
5891 44 2235 
5891 47 2394 
5891 177 8892 
5519 30 1525 
5519 34 1742 
5519 62 3144 
5783 66 3302 
5411 39 1974 
5142 3 173 
5142 31 1561 
5909 50 2511 
5512 121 6089 
5918 8 449 
5918 34 1706 
5918 51 2587 
5921 4 245 
5921 122 6141 
5921 129 6491 
5278 20 1043 
5278 100 5022 
5191 38 1918 
5189 13 665 
5905 41 2069 
5519 173 8679 
5521 62 3104 
5521 81 4069 
5513 26 1326 
5513 49 2498 
5912 71 3584 
5513 17 880 
5513 89 4478 
5191 60 3025 
5191 82 4138 
5191 93 4693 
5191 94 4727 
5191 95 4774 
5399 42 2107 
5497 38 1917 
5497 77 3861 
5497 103 5192 
5497 140 7036 
5408 5 275 
5617 8 417 
5169 52 2626 
5203 4 219 
5891 7 378 
5501 35 1752 
5512 73 3696 
5179 38 1922 
5565 14 734 
5755 5 262 
5755 20 1032 
5536 18 915 
5536 23 1162 
5536 62 3103 
5756 10 505 
5142 15 784 
5462 25 1292 
5344 66 3311 
5433 64 3204 
5169 62 3113 
5169 117 5892 
5428 27 1387 
5731 35 1790 
5332 11 589 
5516 76 3813 
5516 81 4062 
5516 83 4178 
5382 170 8545 
5598 51 2586 
5598 54 2718 
